20210222;037270;6100
20210219;037270;6130
20210218;037270;6200
20210217;037270;6480
20210216;037270;6580
20210215;037270;6350
20210210;037270;6150
20210209;037270;6050
20210208;037270;6220
20210205;037270;6410
20210204;037270;6540
20210203;037270;6400
20210202;037270;6190
20210201;037270;6100
20210129;037270;6080
20210128;037270;6670
20210127;037270;7550
20210126;037270;7560
20210125;037270;7150
20210122;037270;7800
20210121;037270;7150
20210120;037270;7090
20210119;037270;6710
20210118;037270;6130
20210115;037270;6210
20210114;037270;6580
20210113;037270;6270
20210112;037270;5690
20210111;037270;5280
20210108;037270;5260
20210107;037270;4920
20210106;037270;4990
20210105;037270;4960
20210104;037270;5040
20201230;037270;5060
20201229;037270;4835
20201228;037270;4440
20201224;037270;4375
20201223;037270;4365
20201222;037270;4380
20201221;037270;4595
20201218;037270;4775
20201217;037270;4770
20201216;037270;4995
20201215;037270;5000
20201214;037270;5060
20201211;037270;5130
20201210;037270;5090
20201209;037270;5090
20201208;037270;5070
20201207;037270;5130
20201204;037270;5310
20201203;037270;5440
20201202;037270;5080
20201201;037270;5090
20201130;037270;5070
20201127;037270;5210
20201126;037270;5390
20201125;037270;5490
20201124;037270;5590
20201123;037270;5250
20201120;037270;5110
20201119;037270;5060
20201118;037270;5140
20201117;037270;5070
20201116;037270;5220
20201113;037270;5230
20201112;037270;5240
20201111;037270;5210
20201110;037270;5200
20201109;037270;5180
20201106;037270;5190
20201105;037270;5210
20201104;037270;4960
20201103;037270;5030
20201102;037270;4640
20201030;037270;4310
20201029;037270;4525
20201028;037270;4600
20201027;037270;4410
20201026;037270;4340
20201023;037270;4825
20201022;037270;4920
20201021;037270;5140
20201020;037270;5260
20201019;037270;5440
20201016;037270;5610
20201015;037270;6020
20201014;037270;6620
20201013;037270;6280
20201012;037270;6230
20201008;037270;6500
20201007;037270;6730
20201006;037270;6710
20201005;037270;7030
20200929;037270;8370
20200928;037270;8270
20200925;037270;7980
20200924;037270;8150
20200923;037270;7520
20200922;037270;6950
20200921;037270;6900
20200918;037270;7010
20200917;037270;6700
20200916;037270;6740
20200915;037270;6600
20200914;037270;6660
20200911;037270;6650
20200910;037270;6340
20200909;037270;6060
20200908;037270;6560
20200907;037270;5690
20200904;037270;5440
20200903;037270;5240
20200902;037270;5010
20200901;037270;4985
20200831;037270;5090
20200828;037270;5500
20200827;037270;5160
20200826;037270;4950
20200825;037270;4210
20200824;037270;4025
20200821;037270;4010
20200820;037270;4070
20200819;037270;4280
20200818;037270;3980
20200814;037270;4405
20200813;037270;4115
20200812;037270;3995
20200811;037270;3855
20200810;037270;3960
20200807;037270;4025
20200806;037270;4105
20200805;037270;4090
20200804;037270;3990
20200803;037270;3915
20200731;037270;3760
20200730;037270;3530
20200729;037270;3465
20200728;037270;3300
20200727;037270;3300
20200724;037270;3265
20200723;037270;3445
20200722;037270;3470
20200721;037270;3485
20200720;037270;3610
20200717;037270;3730
20200716;037270;3720
20200715;037270;3600
20200714;037270;3555
20200713;037270;3490
20200710;037270;3360
20200709;037270;3455
20200708;037270;3535
20200707;037270;3470
20200706;037270;3815
20200703;037270;3900
20200702;037270;3845
20200701;037270;2960
20200630;037270;3305
20200629;037270;2545
20200626;037270;1960
20200625;037270;1900
20200624;037270;1905
20200623;037270;1830
20200622;037270;1845
20200619;037270;1765
20200618;037270;1780
20200617;037270;1780
20200616;037270;1795
20200615;037270;1680
20200612;037270;1840
20200611;037270;1935
20200610;037270;1970
20200609;037270;1950
20200608;037270;1995
20200605;037270;1830
20200604;037270;1860
20200603;037270;1840
20200602;037270;1880
20200601;037270;1900
20200529;037270;1720
20200528;037270;1690
20200527;037270;1735
20200526;037270;1755
20200525;037270;1745
20200522;037270;1755
20200521;037270;1785
20200520;037270;1860
20200519;037270;1790
20200518;037270;1720
20200515;037270;1710
20200514;037270;1680
20200513;037270;1725
20200512;037270;1740
20200511;037270;1800
20200508;037270;1830
20200507;037270;1865
20200506;037270;1800
20200504;037270;1780
20200429;037270;1850
20200428;037270;1850
20200427;037270;1770
20200424;037270;1760
20200423;037270;1680
20200422;037270;1655
20200421;037270;1600
20200420;037270;1655
20200417;037270;1595
20200416;037270;1540
20200414;037270;1400
20200413;037270;1460
20200410;037270;1250
20200409;037270;1150
20200408;037270;1155
20200407;037270;1140
20200406;037270;1160
20200403;037270;1030
20200402;037270;972
20200401;037270;959
20200331;037270;949
20200330;037270;909
20200327;037270;926
20200326;037270;900
20200325;037270;835
20200324;037270;742
20200323;037270;701
20200320;037270;774
20200319;037270;738
20200318;037270;908
20200317;037270;940
20200316;037270;945
20200313;037270;957
20200312;037270;1035
20200311;037270;1105
20200310;037270;1165
20200309;037270;1140
20200306;037270;1220
20200305;037270;1260
20200304;037270;1245
20200303;037270;1225
20200302;037270;1250
20200228;037270;1260
20200227;037270;1290
20200226;037270;1300
20200225;037270;1335
20200224;037270;1300
20200221;037270;1375
20200220;037270;1425
20200219;037270;1425
20200218;037270;1450
20200217;037270;1495
20200214;037270;1500
20200213;037270;1485
20200212;037270;1450
20200211;037270;1430
20200210;037270;1425
20200207;037270;1440
20200206;037270;1430
20200205;037270;1430
20200204;037270;1415
20200203;037270;1390
20200131;037270;1385
20200130;037270;1405
20200129;037270;1460
20200128;037270;1425
20200123;037270;1475
20200122;037270;1475
20200121;037270;1460
20200120;037270;1495
20200117;037270;1510
20200116;037270;1505
20200115;037270;1505
20200114;037270;1495
20200113;037270;1500
20200110;037270;1465
20200109;037270;1435
20200108;037270;1365
20200107;037270;1435
20200106;037270;1405
20200103;037270;1360
20200102;037270;1385
20191230;037270;1370
20191227;037270;1290
20191226;037270;1275
20191224;037270;1255
20191223;037270;1255
20191220;037270;1290
20191219;037270;1320
20191218;037270;1315
20191217;037270;1345
20191216;037270;1335
20191213;037270;1340
20191212;037270;1320
20191211;037270;1310
20191210;037270;1345
20191209;037270;1340
20191206;037270;1310
20191205;037270;1340
20191204;037270;1370
20191203;037270;1425
20191202;037270;1390
20191129;037270;1400
20191128;037270;1185
20191127;037270;1200
20191126;037270;1205
20191125;037270;1220
20191122;037270;1210
20191121;037270;1210
20191120;037270;1215
20191119;037270;1255
20191118;037270;1265
20191115;037270;1255
20191114;037270;1250
20191113;037270;1265
20191112;037270;1310
20191111;037270;1360
20191108;037270;1310
20191107;037270;1305
20191106;037270;1300
20191105;037270;1290
20191104;037270;1305
20191101;037270;1300
20191031;037270;1290
20191030;037270;1290
20191029;037270;1280
20191028;037270;1245
20191025;037270;1250
20191024;037270;1325
20191023;037270;1300
20191022;037270;1325
20191021;037270;1305
20191018;037270;1295
20191017;037270;1275
20191016;037270;1280
20191015;037270;1285
20191014;037270;1205
20191011;037270;1180
20191010;037270;1145
20191008;037270;1150
20191007;037270;1150
20191004;037270;1150
20191002;037270;1170
20191001;037270;1165
20190930;037270;1150
20190927;037270;1140
20190926;037270;1145
20190925;037270;1135
20190924;037270;1180
20190923;037270;1185
20190920;037270;1195
20190919;037270;1140
20190918;037270;1145
20190917;037270;1175
20190916;037270;1175
20190911;037270;1180
20190910;037270;1170
20190909;037270;1155
20190906;037270;1190
20190905;037270;1185
20190904;037270;1180
20190903;037270;1165
20190902;037270;1180
20190830;037270;1145
20190829;037270;1115
20190828;037270;1120
20190827;037270;1080
20190826;037270;1070
20190823;037270;1120
20190822;037270;1165
20190821;037270;1165
20190820;037270;1055
20190819;037270;1040
20190816;037270;1045
20190814;037270;1045
20190813;037270;1105
20190812;037270;1040
20190809;037270;1000
20190808;037270;1010
20190807;037270;1000
20190806;037270;985
20190805;037270;1020
20190802;037270;1095
20190801;037270;1095
20190731;037270;1095
20190730;037270;1090
20190729;037270;1070
20190726;037270;1100
20190725;037270;1140
20190724;037270;1180
20190723;037270;1200
20190722;037270;1200
20190719;037270;1205
20190718;037270;1165
20190717;037270;1210
20190716;037270;1230
20190715;037270;1235
20190712;037270;1265
20190711;037270;1255
20190710;037270;1225
20190709;037270;1215
20190708;037270;1270
20190705;037270;1355
20190704;037270;1355
20190703;037270;1375
20190702;037270;1390
20190701;037270;1360
20190628;037270;1375
20190627;037270;1385
20190626;037270;1360
20190625;037270;1360
20190624;037270;1360
20190621;037270;1390
20190620;037270;1400
20190619;037270;1370
20190618;037270;1330
20190617;037270;1380
20190614;037270;1415
20190613;037270;1505
20190612;037270;1485
20190611;037270;1560
20190610;037270;1510
20190607;037270;1495
20190605;037270;1430
20190604;037270;1410
20190603;037270;1400
20190531;037270;1380
20190530;037270;1365
20190529;037270;1335
20190528;037270;1340
20190527;037270;1330
20190524;037270;1590
20190523;037270;1590
20190522;037270;1695
20190521;037270;1710
20190520;037270;1740
20190517;037270;1720
20190516;037270;1750
20190515;037270;1755
20190514;037270;1735
20190513;037270;1775
20190510;037270;1790
20190509;037270;1820
20190508;037270;1870
20190507;037270;1875
20190503;037270;1910
20190502;037270;1915
20190430;037270;1905
20190429;037270;1895
20190426;037270;1890
20190425;037270;1920
20190424;037270;1965
20190423;037270;1955
20190422;037270;1975
20190419;037270;1960
20190418;037270;1975
20190417;037270;1980
20190416;037270;1985
20190415;037270;1975
20190412;037270;1975
20190411;037270;1995
20190410;037270;1970
20190409;037270;1945
20190408;037270;1975
20190405;037270;1965
20190404;037270;1970
20190403;037270;1965
20190402;037270;1945
20190401;037270;1930
20190329;037270;1950
20190328;037270;1945
20190327;037270;1960
20190326;037270;1940
20190325;037270;1875
20190322;037270;1910
20190321;037270;1880
20190320;037270;1950
20190319;037270;1940
20190318;037270;1950
20190315;037270;1935
20190314;037270;2015
20190313;037270;2055
20190312;037270;2025
20190311;037270;2050
20190308;037270;2100
20190307;037270;2090
20190306;037270;2130
20190305;037270;2040
20190304;037270;2050
20190228;037270;2025
20190227;037270;2135
20190226;037270;2145
20190225;037270;2180
20190222;037270;2180
20190221;037270;2180
20190220;037270;2125
20190219;037270;2095
20190218;037270;2105
20190215;037270;2125
20190214;037270;2120
20190213;037270;2100
20190212;037270;2050
20190211;037270;2085
20190208;037270;2070
20190207;037270;2070
20190201;037270;2035
20190131;037270;2050
20190130;037270;2015
20190129;037270;2025
20190128;037270;2025
20190125;037270;2045
20190124;037270;2025
20190123;037270;2025
20190122;037270;2030
20190121;037270;2020
20190118;037270;2070
20190117;037270;2080
20190116;037270;2100
20190115;037270;2090
20190114;037270;2100
20190111;037270;2075
20190110;037270;2070
20190109;037270;2110
20190108;037270;2060
20190107;037270;2080
20190104;037270;2085
20190103;037270;2055
20190102;037270;1985
20181228;037270;2015
20181227;037270;2005
20181226;037270;1960
20181224;037270;2015
20181221;037270;2020
20181220;037270;1955
20181219;037270;1995
20181218;037270;1945
20181217;037270;1990
20181214;037270;2020
20181213;037270;2065
20181212;037270;2060
20181211;037270;2070
20181210;037270;2030
20181207;037270;2085
20181206;037270;2070
20181205;037270;2105
20181204;037270;2115
20181203;037270;2120
20181130;037270;2145
20181129;037270;2135
20181128;037270;2135
20181127;037270;2275
20181126;037270;2285
20181123;037270;2250
20181122;037270;2270
20181121;037270;2265
20181120;037270;2240
20181119;037270;2255
20181116;037270;2295
20181115;037270;2330
20181114;037270;2255
20181113;037270;2310
20181112;037270;2320
20181109;037270;2205
20181108;037270;2140
20181107;037270;2155
20181106;037270;2205
20181105;037270;2180
20181102;037270;2215
20181101;037270;2170
20181031;037270;2090
20181030;037270;2090
20181029;037270;2095
20181026;037270;2200
20181025;037270;2290
20181024;037270;2240
20181023;037270;2225
20181022;037270;2300
20181019;037270;2295
20181018;037270;2280
20181017;037270;2300
20181016;037270;2335
20181015;037270;2260
20181012;037270;2320
20181011;037270;2265
20181010;037270;2450
20181008;037270;2520
20181005;037270;2555
20181004;037270;2595
20181002;037270;2585
20181001;037270;2595
20180928;037270;2470
20180927;037270;2460
20180921;037270;2410
20180920;037270;2320
20180919;037270;2300
20180918;037270;2345
20180917;037270;2385
20180914;037270;2440
20180913;037270;2460
20180912;037270;2380
20180911;037270;2375
20180910;037270;2395
20180907;037270;2395
20180906;037270;2420
20180905;037270;2420
20180904;037270;2440
20180903;037270;2405
20180831;037270;2540
20180830;037270;2485
20180829;037270;2530
20180828;037270;2540
20180827;037270;2570
20180824;037270;2410
20180823;037270;2410
20180822;037270;2460
20180821;037270;2460
20180820;037270;2450
20180817;037270;2370
20180816;037270;2375
20180814;037270;2350
20180813;037270;2365
20180810;037270;2395
20180809;037270;2400
20180808;037270;2385
20180807;037270;2335
20180806;037270;2290
20180803;037270;2295
20180802;037270;2280
20180801;037270;2315
20180731;037270;2240
20180730;037270;2230
20180727;037270;2290
20180726;037270;2305
20180725;037270;2285
20180724;037270;2280
20180723;037270;2230
20180720;037270;2325
20180719;037270;2340
20180718;037270;2380
20180717;037270;2435
20180716;037270;2465
20180713;037270;2490
20180712;037270;2420
20180711;037270;2435
20180710;037270;2440
20180709;037270;2380
20180706;037270;2315
20180705;037270;2320
20180704;037270;2310
20180703;037270;2280
20180702;037270;2280
20180629;037270;2380
20180628;037270;2405
20180627;037270;2530
20180626;037270;2470
20180625;037270;2455
20180622;037270;2285
20180621;037270;2295
20180620;037270;2260
20180619;037270;2215
20180618;037270;2180
20180615;037270;2290
20180614;037270;2350
20180612;037270;2375
20180611;037270;2360
20180608;037270;2340
20180607;037270;2370
20180605;037270;2360
20180604;037270;2365
20180601;037270;2400
20180531;037270;2440
20180530;037270;2315
20180529;037270;2400
20180528;037270;2290
20180525;037270;2245
20180524;037270;2325
20180523;037270;2335
20180521;037270;2335
20180518;037270;2365
20180517;037270;2285
20180516;037270;2220
20180515;037270;2315
20180514;037270;2350
20180511;037270;2450
20180510;037270;2340
20180509;037270;2350
20180508;037270;2330
20180504;037270;2430
20180503;037270;2370
20180502;037270;2475
20180430;037270;2550
20180427;037270;2480
20180426;037270;2515
20180425;037270;2500
20180424;037270;2600
20180423;037270;2590
20180420;037270;2580
20180419;037270;2535
20180418;037270;2540
20180417;037270;2645
20180416;037270;2690
20180413;037270;2555
20180412;037270;2490
20180411;037270;2560
20180410;037270;2275
20180409;037270;2215
20180406;037270;2165
20180405;037270;2190
20180404;037270;2155
20180403;037270;2200
20180402;037270;2225
20180330;037270;2145
20180329;037270;2060
20180328;037270;2040
20180327;037270;2050
20180326;037270;2025
20180323;037270;2020
20180322;037270;2090
20180321;037270;2110
20180320;037270;2105
20180319;037270;2070
20180316;037270;2115
20180315;037270;1990
20180314;037270;1970
20180313;037270;2000
20180312;037270;1985
20180309;037270;1965
20180308;037270;1940
20180307;037270;1940
20180306;037270;1960
20180305;037270;1950
20180302;037270;1945
20180228;037270;1970
20180227;037270;2000
20180226;037270;2005
20180223;037270;2020
20180222;037270;2040
20180221;037270;2065
20180220;037270;2135
20180219;037270;2115
20180214;037270;2110
20180213;037270;2095
20180212;037270;2125
20180209;037270;2105
20180208;037270;2190
20180207;037270;2105
20180206;037270;2235
20180205;037270;2195
20180202;037270;2295
20180201;037270;2055
20180131;037270;2045
20180130;037270;2045
20180129;037270;2075
20180126;037270;2020
20180125;037270;1985
20180124;037270;1975
20180123;037270;1955
20180122;037270;1960
20180119;037270;1970
20180118;037270;1950
20180117;037270;1955
20180116;037270;1895
20180115;037270;1900
20180112;037270;1895
20180111;037270;1925
20180110;037270;1935
20180109;037270;1935
20180108;037270;1950
20180105;037270;1985
20180104;037270;2000
20180103;037270;2020
20180102;037270;2000
20171228;037270;2000
20171227;037270;2095
20171226;037270;1930
20171222;037270;1955
20171221;037270;1870
20171220;037270;1870
20171219;037270;1975
20171218;037270;2025
20171215;037270;1970
20171214;037270;2000
20171213;037270;2025
20171212;037270;1995
20171211;037270;2050
20171208;037270;2020
20171207;037270;2020
20171206;037270;2080
20171205;037270;2065
20171204;037270;2120
20171201;037270;2115
20171130;037270;2070
20171129;037270;2130
20171128;037270;2135
20171127;037270;2175
20171124;037270;2205
20171123;037270;2205
20171122;037270;2140
20171121;037270;2175
20171120;037270;2215
20171117;037270;2170
20171116;037270;2210
20171115;037270;2250
20171114;037270;2250
20171113;037270;2225
20171110;037270;2080
20171109;037270;2135
20171108;037270;2170
20171107;037270;2135
20171106;037270;2205
20171103;037270;2210
20171102;037270;2180
20171101;037270;2275
20171031;037270;2280
20171030;037270;2280
20171027;037270;2275
20171026;037270;2180
20171025;037270;2125
20171024;037270;2065
20171023;037270;2150
20171020;037270;2145
20171019;037270;1925
20171018;037270;1965
20171017;037270;1885
20171016;037270;1840
20171013;037270;1820
20171012;037270;1820
20171011;037270;1845
20171010;037270;1830
20170929;037270;1830
20170928;037270;1805
20170927;037270;1745
20170926;037270;1745
20170925;037270;1745
20170922;037270;1835
20170921;037270;1835
20170920;037270;1840
20170919;037270;1890
20170918;037270;1885
20170915;037270;1895
20170914;037270;1905
20170913;037270;1925
20170912;037270;1910
20170911;037270;1890
20170908;037270;1925
20170907;037270;1930
20170906;037270;1875
20170905;037270;1875
20170904;037270;1880
20170901;037270;1900
20170831;037270;1895
20170830;037270;1895
20170829;037270;1920
20170828;037270;1920
20170825;037270;1930
20170824;037270;1920
20170823;037270;1955
20170822;037270;1925
20170821;037270;1935
20170818;037270;1930
20170817;037270;1920
20170816;037270;1875
20170814;037270;1845
20170811;037270;1805
20170810;037270;1900
20170809;037270;1920
20170808;037270;1945
20170807;037270;1930
20170804;037270;1970
20170803;037270;2000
20170802;037270;2040
20170801;037270;2030
20170731;037270;2005
20170728;037270;2030
20170727;037270;2035
20170726;037270;2015
20170725;037270;2015
20170724;037270;2010
20170721;037270;2000
20170720;037270;2015
20170719;037270;1990
20170718;037270;2010
20170717;037270;2000
20170714;037270;1995
20170713;037270;1995
20170712;037270;2000
20170711;037270;2000
20170710;037270;2010
20170707;037270;2070
20170706;037270;2110
20170705;037270;2095
20170704;037270;2115
20170703;037270;2070
20170630;037270;2060
20170629;037270;2025
20170628;037270;2020
20170627;037270;2075
20170626;037270;2060
20170623;037270;2095
20170622;037270;2060
20170621;037270;2100
20170620;037270;2120
20170619;037270;2115
20170616;037270;2170
20170615;037270;2185
20170614;037270;2215
20170613;037270;2200
20170612;037270;2205
20170609;037270;2255
20170608;037270;2220
20170607;037270;2280
20170605;037270;2305
20170602;037270;2310
20170601;037270;2310
20170531;037270;2355
20170530;037270;2365
20170529;037270;2330
20170526;037270;2390
20170525;037270;2420
20170524;037270;2460
20170523;037270;2480
20170522;037270;2525
20170519;037270;2525
20170518;037270;2500
20170517;037270;2475
20170516;037270;2390
20170515;037270;2390
20170512;037270;2355
20170511;037270;2375
20170510;037270;2385
20170508;037270;2400
20170504;037270;2395
20170502;037270;2400
20170428;037270;2440
20170427;037270;2335
20170426;037270;2360
20170425;037270;2415
20170424;037270;2400
20170421;037270;2355
20170420;037270;2290
20170419;037270;2300
20170418;037270;2375
20170417;037270;2405
20170414;037270;2285
20170413;037270;2335
20170412;037270;2280
20170411;037270;2275
20170410;037270;2285
20170407;037270;2340
20170406;037270;2330
20170405;037270;2340
20170404;037270;2390
20170403;037270;2450
20170331;037270;2400
20170330;037270;2400
20170329;037270;2275
20170328;037270;2325
20170327;037270;2290
20170324;037270;2385
20170323;037270;2380
20170322;037270;2450
20170321;037270;2510
20170320;037270;2680
20170317;037270;2245
20170316;037270;1940
20170315;037270;1900
20170314;037270;1920
20170313;037270;1930
20170310;037270;1925
20170309;037270;1925
20170308;037270;1880
20170307;037270;1890
20170306;037270;1890
20170303;037270;1890
20170302;037270;1980
20170228;037270;2050
20170227;037270;2010
20170224;037270;2075
20170223;037270;2075
20170222;037270;2175
20170221;037270;2135
20170220;037270;2165
20170217;037270;2200
20170216;037270;2215
20170215;037270;2240
20170214;037270;2265
20170213;037270;2290
20170210;037270;2205
20170209;037270;2230
20170208;037270;2300
20170207;037270;2385
20170206;037270;2410
20170203;037270;2445
20170202;037270;2375
20170201;037270;2375
20170131;037270;2430
20170126;037270;2425
20170125;037270;2390
20170124;037270;2400
20170123;037270;2470
20170120;037270;2475
20170119;037270;2510
20170118;037270;2435
20170117;037270;2380
20170116;037270;2325
20170113;037270;2385
20170112;037270;2485
20170111;037270;2490
20170110;037270;2530
20170109;037270;2525
20170106;037270;2510
20170105;037270;2380
20170104;037270;2290
20170103;037270;2235
20170102;037270;2125
20161229;037270;2100
20161228;037270;2115
20161227;037270;2090
20161226;037270;2085
20161223;037270;2080
20161222;037270;2075
20161221;037270;2055
20161220;037270;2060
20161219;037270;2050
20161216;037270;2055
20161215;037270;2035
20161214;037270;2045
20161213;037270;2040
20161212;037270;2060
20161209;037270;2010
20161208;037270;1940
20161207;037270;1970
20161206;037270;1865
20161205;037270;1865
20161202;037270;1940
20161201;037270;1950
20161130;037270;1965
20161129;037270;1980
20161128;037270;1985
20161125;037270;1875
20161124;037270;1830
20161123;037270;1925
20161122;037270;1990
20161121;037270;2020
20161118;037270;2175
20161117;037270;2230
20161116;037270;2175
20161115;037270;2160
20161114;037270;2155
20161111;037270;2115
20161110;037270;2225
20161109;037270;2175
20161108;037270;2215
20161107;037270;2195
20161104;037270;2200
20161103;037270;2200
20161102;037270;2280
20161101;037270;2400
20161031;037270;2415
20161028;037270;2515
20161027;037270;2605
20161026;037270;2605
20161025;037270;2720
20161024;037270;2775
20161021;037270;2795
20161020;037270;2775
20161019;037270;2800
20161018;037270;2830
20161017;037270;2830
20161014;037270;2810
20161013;037270;2790
20161012;037270;2850
20161011;037270;2855
20161010;037270;2850
20161007;037270;2800
20161006;037270;2835
20161005;037270;2770
20161004;037270;2795
20160930;037270;2800
20160929;037270;2845
20160928;037270;2865
20160927;037270;2815
20160926;037270;2840
20160923;037270;2800
20160922;037270;2810
20160921;037270;2770
20160920;037270;2735
20160919;037270;2735
20160913;037270;2750
20160912;037270;2695
20160909;037270;2750
20160908;037270;2750
20160907;037270;2800
20160906;037270;2805
20160905;037270;2840
20160902;037270;2810
20160901;037270;2830
20160831;037270;2755
20160830;037270;2775
20160829;037270;2780
20160826;037270;2855
20160825;037270;2870
20160824;037270;2890
20160823;037270;2905
20160822;037270;2905
20160819;037270;2920
20160818;037270;2895
20160817;037270;2865
20160816;037270;2935
20160812;037270;2920
20160811;037270;2900
20160810;037270;2965
20160809;037270;2940
20160808;037270;2815
20160805;037270;2775
20160804;037270;2905
20160803;037270;2890
20160802;037270;2905
20160801;037270;3050
20160729;037270;3170
20160728;037270;3180
20160727;037270;3160
20160726;037270;3185
20160725;037270;3175
20160722;037270;3230
20160721;037270;3220
20160720;037270;3230
20160719;037270;3255
20160718;037270;3255
20160715;037270;3155
20160714;037270;3145
20160713;037270;3250
20160712;037270;3285
20160711;037270;3260
20160708;037270;3360
20160707;037270;3460
20160706;037270;3445
20160705;037270;3515
20160704;037270;3500
20160701;037270;3405
20160630;037270;3370
20160629;037270;3340
20160628;037270;3295
20160627;037270;3175
20160624;037270;3155
20160623;037270;3340
20160622;037270;3425
20160621;037270;3450
20160620;037270;3475
20160617;037270;3435
20160616;037270;3330
20160615;037270;3330
20160614;037270;3265
20160613;037270;3370
20160610;037270;3480
20160609;037270;3480
20160608;037270;3475
20160607;037270;3510
20160603;037270;3550
20160602;037270;3390
20160601;037270;3370
20160531;037270;3245
20160530;037270;3235
20160527;037270;3260
20160526;037270;3170
20160525;037270;3120
20160524;037270;3160
20160523;037270;3215
20160520;037270;3140
20160519;037270;3085
20160518;037270;3220
20160517;037270;3285
20160516;037270;3200
20160513;037270;3300
20160512;037270;3315
20160511;037270;3260
20160510;037270;3185
20160509;037270;3115
20160504;037270;3020
20160503;037270;3050
20160502;037270;2980
20160429;037270;3095
20160428;037270;3020
20160427;037270;3060
20160426;037270;3110
20160425;037270;3165
20160422;037270;3160
20160421;037270;3235
20160420;037270;3065
20160419;037270;3030
20160418;037270;2825
20160415;037270;2795
20160414;037270;2780
20160412;037270;2800
20160411;037270;2805
20160408;037270;2820
20160407;037270;2830
20160406;037270;2890
20160405;037270;2870
20160404;037270;2900
20160401;037270;2825
20160331;037270;2825
20160330;037270;2840
20160329;037270;2790
20160328;037270;2750
20160325;037270;2750
20160324;037270;2800
20160323;037270;2840
20160322;037270;2830
20160321;037270;2885
20160318;037270;2950
20160317;037270;2950
20160316;037270;2990
20160315;037270;3000
20160314;037270;3135
20160311;037270;2845
20160310;037270;2840
20160309;037270;2855
20160308;037270;2850
20160307;037270;2850
20160304;037270;2850
20160303;037270;2785
20160302;037270;2740
20160229;037270;2705
20160226;037270;2750
20160225;037270;2730
20160224;037270;2800
20160223;037270;2770
20160222;037270;2810
20160219;037270;2770
20160218;037270;2775
20160217;037270;2770
20160216;037270;2865
20160215;037270;2800
20160212;037270;2745
20160211;037270;2990
20160205;037270;3110
20160204;037270;3070
20160203;037270;2980
20160202;037270;3080
20160201;037270;3145
20160129;037270;3110
20160128;037270;3210
20160127;037270;3120
20160126;037270;3270
20160125;037270;3185
20160122;037270;2950
20160121;037270;2865
20160120;037270;2515
20160119;037270;2600
20160118;037270;2555
20160115;037270;2610
20160114;037270;2600
20160113;037270;2680
20160112;037270;2690
20160111;037270;2785
20160108;037270;2900
20160107;037270;2840
20160106;037270;2840
20160105;037270;2890
20160104;037270;2940
20151230;037270;2940
20151229;037270;2930
20151228;037270;2885
20151224;037270;2900
20151223;037270;2970
20151222;037270;2970
20151221;037270;3025
20151218;037270;3050
20151217;037270;2875
20151216;037270;2860
20151215;037270;2845
20151214;037270;2990
20151211;037270;3170
20151210;037270;3075
20151209;037270;3260
20151208;037270;3100
20151207;037270;3255
20151204;037270;3280
20151203;037270;3405
20151202;037270;3470
20151201;037270;3510
20151130;037270;3500
20151127;037270;3630
20151126;037270;3600
20151125;037270;3620
20151124;037270;3670
20151123;037270;3660
20151120;037270;3660
20151119;037270;3680
20151118;037270;3615
20151117;037270;3680
20151116;037270;3645
20151113;037270;3880
20151112;037270;3850
20151111;037270;3815
20151110;037270;3815
20151109;037270;3965
20151106;037270;4060
20151105;037270;4040
20151104;037270;4035
20151103;037270;4080
20151102;037270;4020
20151030;037270;4010
20151029;037270;4140
20151028;037270;4170
20151027;037270;4180
20151026;037270;4195
20151023;037270;4190
20151022;037270;4210
20151021;037270;4190
20151020;037270;4170
20151019;037270;4150
20151016;037270;4215
20151015;037270;4295
20151014;037270;4320
20151013;037270;4345
20151012;037270;4385
20151008;037270;4430
20151007;037270;4490
20151006;037270;4585
20151005;037270;4665
20151002;037270;4710
20151001;037270;4550
20150930;037270;4435
20150925;037270;4460
20150924;037270;4515
20150923;037270;4550
20150922;037270;4580
20150921;037270;4500
20150918;037270;4500
20150917;037270;4465
20150916;037270;4310
20150915;037270;4320
20150914;037270;4245
20150911;037270;4320
20150910;037270;4360
20150909;037270;4300
20150908;037270;4195
20150907;037270;4265
20150904;037270;4190
20150903;037270;4370
20150902;037270;4390
20150901;037270;4315
20150831;037270;4405
20150828;037270;4520
20150827;037270;4420
20150826;037270;4305
20150825;037270;4155
20150824;037270;4000
20150821;037270;4140
20150820;037270;4410
20150819;037270;4485
20150818;037270;4585
20150817;037270;4700
20150813;037270;4770
20150812;037270;4830
20150811;037270;4885
20150810;037270;4910
20150807;037270;4880
20150806;037270;4800
20150805;037270;4975
20150804;037270;4780
20150803;037270;4515
20150731;037270;4570
20150730;037270;4590
20150729;037270;4900
20150728;037270;5060
20150727;037270;5060
20150724;037270;4795
20150723;037270;5030
20150722;037270;5140
20150721;037270;5000
20150720;037270;5370
20150717;037270;5330
20150716;037270;5540
20150715;037270;5140
20150714;037270;4560
20150713;037270;4340
20150710;037270;4255
20150709;037270;4290
20150708;037270;4180
20150707;037270;4175
20150706;037270;4230
20150703;037270;4475
20150702;037270;4620
20150701;037270;4575
20150630;037270;4250
20150629;037270;4150
20150626;037270;4310
20150625;037270;4080
20150624;037270;4220
20150623;037270;4380
20150622;037270;4405
20150619;037270;4400
20150618;037270;4100
20150617;037270;4225
20150616;037270;4200
20150615;037270;4200
20150612;037270;4440
20150611;037270;4385
20150610;037270;4490
20150609;037270;4475
20150608;037270;4455
20150605;037270;4365
20150604;037270;4515
20150603;037270;4600
20150602;037270;4900
20150601;037270;4950
20150529;037270;5040
20150528;037270;4900
20150527;037270;4875
20150526;037270;4960
20150522;037270;4960
20150521;037270;5060
20150520;037270;4930
20150519;037270;4985
20150518;037270;5080
20150515;037270;5000
20150514;037270;5170
20150513;037270;5180
20150512;037270;4910
20150511;037270;5180
20150508;037270;5100
20150507;037270;5010
20150506;037270;5040
20150504;037270;4925
20150430;037270;5190
20150429;037270;5330
20150428;037270;5600
20150427;037270;5730
20150424;037270;5610
20150423;037270;5630
20150422;037270;5940
20150421;037270;6090
20150420;037270;6000
20150417;037270;5950
20150416;037270;5400
20150415;037270;5450
20150414;037270;5540
20150413;037270;5790
20150410;037270;5990
20150409;037270;6080
20150408;037270;5890
20150407;037270;5970
20150406;037270;5830
20150403;037270;5440
20150402;037270;5410
20150401;037270;4705
20150331;037270;4095
20150330;037270;4120
20150327;037270;4060
20150326;037270;3955
20150325;037270;3940
20150324;037270;3865
20150323;037270;3915
20150320;037270;3920
20150319;037270;3930
20150318;037270;4060
20150317;037270;4010
20150316;037270;4075
20150313;037270;3925
20150312;037270;3880
20150311;037270;3995
20150310;037270;3810
20150309;037270;3875
20150306;037270;3855
20150305;037270;3890
20150304;037270;4020
20150303;037270;4050
20150302;037270;4220
20150227;037270;4415
20150226;037270;4170
20150225;037270;3815
20150224;037270;3805
20150223;037270;4005
20150217;037270;4350
20150216;037270;4295
20150213;037270;4295
20150212;037270;4295
20150211;037270;4295
20150210;037270;4295
20150209;037270;4295
20150206;037270;4295
20150205;037270;4295
20150204;037270;4295
20150203;037270;4295
20150202;037270;4295
20150130;037270;4295
20150129;037270;4295
20150128;037270;4230
20150127;037270;4320
20150126;037270;4350
20150123;037270;4115
20150122;037270;3950
20150121;037270;3960
20150120;037270;4175
20150119;037270;4150
20150116;037270;4075
20150115;037270;4045
20150114;037270;3950
20150113;037270;3875
20150112;037270;3975
20150109;037270;4035
20150108;037270;4085
20150107;037270;4000
20150106;037270;3945
20150105;037270;3730
20150102;037270;3875
20141230;037270;3850
20141229;037270;3875
20141226;037270;4000
20141224;037270;3770
20141223;037270;3490
20141222;037270;3435
20141219;037270;3595
20141218;037270;3210
20141217;037270;3310
20141216;037270;3260
20141215;037270;3450
20141212;037270;3500
20141211;037270;3725
20141210;037270;3850
20141209;037270;3575
20141208;037270;3505
20141205;037270;3610
20141204;037270;3585
20141203;037270;3555
20141202;037270;3500
20141201;037270;3605
20141128;037270;3635
20141127;037270;3825
20141126;037270;4015
20141125;037270;3900
20141124;037270;4200
20141121;037270;4540
20141120;037270;3950
20141119;037270;3435
20141118;037270;2990
20141117;037270;2600
20141114;037270;2535
20141113;037270;2525
20141112;037270;2555
20141111;037270;2565
20141110;037270;2645
20141107;037270;2520
20141106;037270;2545
20141105;037270;2600
20141104;037270;2620
20141103;037270;2735
20141031;037270;2725
20141030;037270;2680
20141029;037270;2765
20141028;037270;2855
20141027;037270;3000
20141024;037270;2915
20141023;037270;2740
20141022;037270;2995
20141021;037270;2875
20141020;037270;3000
20141017;037270;2765
20141016;037270;3250
20141015;037270;3180
20141014;037270;3015
20141013;037270;2885
20141010;037270;3025
20141008;037270;2725
20141007;037270;2685
20141006;037270;2650
20141002;037270;2695
20141001;037270;2825
20140930;037270;2780
20140929;037270;2580
20140926;037270;2595
20140925;037270;2625
20140924;037270;2695
20140923;037270;2685
20140922;037270;2715
20140919;037270;2695
20140918;037270;2665
20140917;037270;2675
20140916;037270;2570
20140915;037270;2560
20140912;037270;2555
20140911;037270;2575
20140905;037270;2575
20140904;037270;2530
20140903;037270;2550
20140902;037270;2550
20140901;037270;2600
20140829;037270;2575
20140828;037270;2615
20140827;037270;2595
20140826;037270;2625
20140825;037270;2680
20140822;037270;2710
20140821;037270;2510
20140820;037270;2510
20140819;037270;2595
20140818;037270;2615
20140814;037270;2440
20140813;037270;2525
20140812;037270;2550
20140811;037270;2655
20140808;037270;2310
20140807;037270;2323
20140806;037270;2155
20140805;037270;2085
20140804;037270;2020
20140801;037270;1988
20140731;037270;2015
20140730;037270;1920
20140729;037270;1950
20140728;037270;2073
20140725;037270;2068
20140724;037270;2058
20140723;037270;2078
20140722;037270;2123
20140721;037270;2060
20140718;037270;2010
20140717;037270;1980
20140716;037270;2050
20140715;037270;2128
20140714;037270;2100
20140711;037270;2120
20140710;037270;2130
20140709;037270;2205
20140708;037270;2175
20140707;037270;2298
20140704;037270;2320
20140703;037270;2350
20140702;037270;2093
20140701;037270;2040
20140630;037270;2073
20140627;037270;1950
20140626;037270;1930
20140625;037270;1930
20140624;037270;1830
20140623;037270;1750
20140620;037270;1793
20140619;037270;1813
20140618;037270;1823
20140617;037270;1878
20140616;037270;1810
20140613;037270;1815
20140612;037270;1665
20140611;037270;1670
20140610;037270;1560
20140609;037270;1663
20140605;037270;1615
20140603;037270;1853
20140602;037270;1745
20140530;037270;1863
20140529;037270;1860
20140528;037270;1938
20140527;037270;1925
20140526;037270;1950
20140523;037270;2075
20140522;037270;2115
20140521;037270;2288
20140520;037270;1990
20140519;037270;1733
20140516;037270;1750
20140515;037270;1563
20140514;037270;1570
20140513;037270;1615
20140512;037270;1595
20140509;037270;1595
20140508;037270;1575
20140507;037270;1580
20140502;037270;1615
20140430;037270;1550
20140429;037270;1543
20140428;037270;1550
20140425;037270;1555
20140424;037270;1510
20140423;037270;1435
20140422;037270;1460
20140421;037270;1515
20140418;037270;1433
20140417;037270;1498
20140416;037270;1520
20140415;037270;1533
20140414;037270;1535
20140411;037270;1543
20140410;037270;1583
20140409;037270;1378
20140408;037270;1368
20140407;037270;1375
20140404;037270;1368
20140403;037270;1390
20140402;037270;1398
20140401;037270;1380
20140331;037270;1405
20140328;037270;1435
20140327;037270;1380
20140326;037270;1470
20140325;037270;1465
20140324;037270;1458
20140321;037270;1713
20140320;037270;1683
20140319;037270;1693
20140318;037270;1660
20140317;037270;1668
20140314;037270;1645
20140313;037270;1685
20140312;037270;1700
20140311;037270;1715
20140310;037270;1718
20140307;037270;1720
20140306;037270;1698
20140305;037270;1725
20140304;037270;1725
20140303;037270;1923
20140228;037270;1673
20140227;037270;1733
20140226;037270;1820
20140225;037270;1875
20140224;037270;1898
20140221;037270;1923
20140220;037270;1925
20140219;037270;1760
20140218;037270;1788
20140217;037270;1855
20140214;037270;1818
20140213;037270;1835
20140212;037270;1823
20140211;037270;1825
20140210;037270;1800
20140207;037270;1720
20140206;037270;1705
20140205;037270;1650
20140204;037270;1625
20140203;037270;1675
20140129;037270;1670
20140128;037270;1718
20140127;037270;1685
20140124;037270;1735
20140123;037270;1730
20140122;037270;1735
20140121;037270;1795
20140120;037270;1825
20140117;037270;1873
20140116;037270;1850
20140115;037270;1845
20140114;037270;1855
20140113;037270;1895
20140110;037270;1925
20140109;037270;1923
20140108;037270;1923
20140107;037270;1955
20140106;037270;1970
20140103;037270;1935
20140102;037270;1973
20131230;037270;1860
20131227;037270;1823
20131226;037270;1838
20131224;037270;1805
20131223;037270;1855
20131220;037270;1850
20131219;037270;1853
20131218;037270;1778
20131217;037270;1775
20131216;037270;1743
20131213;037270;1800
20131212;037270;1885
20131211;037270;1885
20131210;037270;1945
20131209;037270;1940
20131206;037270;1913
20131205;037270;1918
20131204;037270;1985
20131203;037270;1985
20131202;037270;1980
20131129;037270;1955
20131128;037270;1925
20131127;037270;1890
20131126;037270;1870
20131125;037270;1825
20131122;037270;1823
20131121;037270;1840
20131120;037270;1830
20131119;037270;1798
20131118;037270;1728
20131115;037270;1673
20131114;037270;1638
20131113;037270;1650
20131112;037270;1680
20131111;037270;1725
20131108;037270;1805
20131107;037270;1800
20131106;037270;2095
20131105;037270;2080
20131104;037270;2085
20131101;037270;2088
20131031;037270;2045
20131030;037270;2048
20131029;037270;2025
20131028;037270;2003
20131025;037270;1995
20131024;037270;1993
20131023;037270;2000
20131022;037270;2030
20131021;037270;2025
20131018;037270;1990
20131017;037270;1875
20131016;037270;1800
20131015;037270;1805
20131014;037270;1800
20131011;037270;1798
20131010;037270;1795
20131008;037270;1798
20131007;037270;1780
20131004;037270;1750
20131002;037270;1745
20131001;037270;1715
20130930;037270;1713
20130927;037270;1713
20130926;037270;1700
20130925;037270;1720
20130924;037270;1768
20130923;037270;1745
20130917;037270;1523
20130916;037270;1495
20130913;037270;1450
20130912;037270;1443
20130911;037270;1455
20130910;037270;1415
20130909;037270;1420
20130906;037270;1425
20130905;037270;1423
20130904;037270;1423
20130903;037270;1398
20130902;037270;1360
20130830;037270;1365
20130829;037270;1368
20130828;037270;1368
20130827;037270;1360
20130826;037270;1375
20130823;037270;1348
20130822;037270;1345
20130821;037270;1375
20130820;037270;1395
20130819;037270;1388
20130816;037270;1398
20130814;037270;1415
20130813;037270;1423
20130812;037270;1415
20130809;037270;1370
20130808;037270;1365
20130807;037270;1368
20130806;037270;1345
20130805;037270;1360
20130802;037270;1333
20130801;037270;1325
20130731;037270;1338
20130730;037270;1333
20130729;037270;1330
20130726;037270;1343
20130725;037270;1328
20130724;037270;1310
20130723;037270;1300
20130722;037270;1303
20130719;037270;1283
20130718;037270;1323
20130717;037270;1335
20130716;037270;1335
20130715;037270;1400
20130712;037270;1398
20130711;037270;1413
20130710;037270;1315
20130709;037270;1308
20130708;037270;1298
20130705;037270;1300
20130704;037270;1295
20130703;037270;1260
20130702;037270;1305
20130701;037270;1300
20130628;037270;1298
20130627;037270;1295
20130626;037270;1213
20130625;037270;1210
20130624;037270;1200
20130621;037270;1213
20130620;037270;1225
20130619;037270;1250
20130618;037270;1298
20130617;037270;1278
20130614;037270;1305
20130613;037270;1303
20130612;037270;1305
20130611;037270;1285
20130610;037270;1275
20130607;037270;1305
20130605;037270;1390
20130604;037270;1400
20130603;037270;1403
20130531;037270;1415
20130530;037270;1420
20130529;037270;1400
20130528;037270;1433
20130527;037270;1438
20130524;037270;1440
20130523;037270;1425
20130522;037270;1415
20130521;037270;1415
20130520;037270;1410
20130516;037270;1438
20130515;037270;1450
20130514;037270;1473
20130513;037270;1415
20130510;037270;1415
20130509;037270;1428
20130508;037270;1420
20130507;037270;1303
20130506;037270;1295
20130503;037270;1260
20130502;037270;1300
20130430;037270;1320
20130429;037270;1333
20130426;037270;1335
20130425;037270;1318
20130424;037270;1385
20130423;037270;1370
20130422;037270;1385
20130419;037270;1383
20130418;037270;1415
20130417;037270;1433
20130416;037270;1403
20130415;037270;1220
20130412;037270;1225
20130411;037270;1225
20130410;037270;1203
20130409;037270;1180
20130408;037270;1208
20130405;037270;1220
20130404;037270;1225
20130403;037270;1240
20130402;037270;1275
20130401;037270;1278
20130329;037270;1280
20130328;037270;1298
20130327;037270;1300
20130326;037270;1305
20130325;037270;1288
20130322;037270;1295
20130321;037270;1308
20130320;037270;1295
20130319;037270;1293
20130318;037270;1285
20130315;037270;1300
20130314;037270;1313
20130313;037270;1323
20130312;037270;1293
20130311;037270;1250
20130308;037270;1275
20130307;037270;1255
20130306;037270;1248
20130305;037270;1253
20130304;037270;1295
20130228;037270;1198
20130227;037270;1225
20130226;037270;1178
20130225;037270;1203
20130222;037270;1173
20130221;037270;1290
20130220;037270;1123
20130219;037270;1150
20130218;037270;1190
20130215;037270;1113
20130214;037270;1115
20130213;037270;1043
20130212;037270;908
20130208;037270;893
20130207;037270;883
20130206;037270;880
20130205;037270;865
20130204;037270;870
20130201;037270;900
20130131;037270;910
20130130;037270;905
20130129;037270;905
20130128;037270;918
20130125;037270;923
20130124;037270;918
20130123;037270;910
20130122;037270;900
20130121;037270;900
20130118;037270;900
20130117;037270;903
20130116;037270;918
20130115;037270;918
20130114;037270;915
20130111;037270;925
20130110;037270;915
20130109;037270;905
20130108;037270;933
20130107;037270;940
20130104;037270;935
20130103;037270;928
20130102;037270;920
20121228;037270;893
20121227;037270;848
20121226;037270;840
20121224;037270;815
20121221;037270;830
20121220;037270;810
20121218;037270;818
20121217;037270;845
20121214;037270;850
20121213;037270;863
20121212;037270;858
20121211;037270;868
20121210;037270;880
20121207;037270;883
20121206;037270;900
20121205;037270;883
20121204;037270;893
20121203;037270;895
20121130;037270;903
20121129;037270;918
20121128;037270;920
20121127;037270;905
20121126;037270;928
20121123;037270;1003
20121122;037270;1008
20121121;037270;1003
20121120;037270;1000
20121119;037270;1003
20121116;037270;993
20121115;037270;1030
20121114;037270;1085
20121113;037270;1120
20121112;037270;1138
20121109;037270;1133
20121108;037270;1173
20121107;037270;1140
20121106;037270;1200
20121105;037270;1208
20121102;037270;1233
20121101;037270;1298
20121031;037270;1325
20121030;037270;1283
20121029;037270;1213
20121026;037270;1275
20121025;037270;1275
20121024;037270;1280
20121023;037270;1240
20121022;037270;1298
20121019;037270;1355
20121018;037270;1453
20121017;037270;1265
20121016;037270;1263
20121015;037270;1318
20121012;037270;1258
20121011;037270;1238
20121010;037270;1233
20121009;037270;1235
20121008;037270;1248
20121005;037270;1245
20121004;037270;1275
20121002;037270;1300
20120928;037270;1285
20120927;037270;1275
20120926;037270;1263
20120925;037270;1300
20120924;037270;1360
20120921;037270;1210
20120920;037270;1300
20120919;037270;1393
20120918;037270;1328
20120917;037270;1315
20120914;037270;1348
20120913;037270;1300
20120912;037270;1378
20120911;037270;1425
20120910;037270;1425
20120907;037270;1400
20120906;037270;1403
20120905;037270;1220
20120904;037270;1200
20120903;037270;1275
20120831;037270;1220
20120830;037270;1165
20120829;037270;1210
20120828;037270;1135
20120827;037270;1100
20120824;037270;1145
20120823;037270;1100
20120822;037270;1098
20120821;037270;1105
20120820;037270;1100
20120817;037270;1110
20120816;037270;1130
20120814;037270;1118
20120813;037270;1115
20120810;037270;1115
20120809;037270;1105
20120808;037270;1098
20120807;037270;1085
20120806;037270;1098
20120803;037270;1110
20120802;037270;1120
20120801;037270;1133
20120731;037270;1088
20120730;037270;1083
20120727;037270;1095
20120726;037270;1080
20120725;037270;1085
20120724;037270;1100
20120723;037270;1160
20120720;037270;1238
20120719;037270;1210
20120718;037270;1190
20120717;037270;1260
20120716;037270;1188
20120713;037270;1258
20120712;037270;1335
20120711;037270;1275
20120710;037270;1320
20120709;037270;1298
20120706;037270;1130
20120705;037270;1148
20120704;037270;1070
20120703;037270;1058
20120702;037270;1050
20120629;037270;1045
20120628;037270;1050
20120627;037270;1048
20120626;037270;1030
20120625;037270;1063
20120622;037270;1065
20120621;037270;1065
20120620;037270;1090
20120619;037270;1045
20120618;037270;1020
20120615;037270;998
20120614;037270;995
20120613;037270;1000
20120612;037270;1003
20120611;037270;1010
20120608;037270;995
20120607;037270;1015
20120605;037270;1010
20120604;037270;995
20120601;037270;1045
20120531;037270;1055
20120530;037270;1083
20120529;037270;1080
20120525;037270;1095
20120524;037270;1035
20120523;037270;1060
20120522;037270;1070
20120521;037270;1063
20120518;037270;1015
20120517;037270;1073
20120516;037270;1078
20120515;037270;1110
20120514;037270;1160
20120511;037270;1178
20120510;037270;1200
20120509;037270;1215
20120508;037270;1255
20120507;037270;1265
20120504;037270;1208
20120503;037270;1173
20120502;037270;1190
20120430;037270;1190
20120427;037270;1225
20120426;037270;1165
20120425;037270;1220
20120424;037270;1208
20120423;037270;1305
20120420;037270;1215
20120419;037270;1278
20120418;037270;1298
20120417;037270;1300
20120416;037270;1363
20120413;037270;1185
20120412;037270;1183
20120410;037270;1130
20120409;037270;1158
20120406;037270;1360
20120405;037270;1373
20120404;037270;1400
20120403;037270;1460
20120402;037270;1430
20120330;037270;1318
20120329;037270;1363
20120328;037270;1448
20120327;037270;1260
20120326;037270;1308
20120323;037270;1330
20120322;037270;1340
20120321;037270;1385
20120320;037270;1448
20120319;037270;1458
20120316;037270;1448
20120315;037270;1468
20120314;037270;1483
20120313;037270;1445
20120312;037270;1433
20120309;037270;1498
20120308;037270;1550
20120307;037270;1485
20120306;037270;1583
20120305;037270;1650
20120302;037270;1633
20120229;037270;1613
20120228;037270;1600
20120227;037270;1588
20120224;037270;1630
20120223;037270;1898
20120222;037270;1650
20120221;037270;1563
20120220;037270;1563
20120217;037270;1645
20120216;037270;1783
20120215;037270;1833
20120214;037270;1610
20120213;037270;1680
20120210;037270;1580
20120209;037270;1375
20120208;037270;1375
20120207;037270;1355
20120206;037270;1338
20120203;037270;1290
20120202;037270;1335
20120201;037270;1280
20120131;037270;1250
20120130;037270;1273
20120127;037270;1313
20120126;037270;1300
20120125;037270;1295
20120120;037270;1420
20120119;037270;1368
20120118;037270;1325
20120117;037270;1393
20120116;037270;1303
20120113;037270;1310
20120112;037270;1320
20120111;037270;1300
20120110;037270;1400
20120109;037270;1360
20120106;037270;1520
20120105;037270;1535
20120104;037270;1458
20120103;037270;1325
20120102;037270;1400
20111229;037270;1308
20111228;037270;1138
20111227;037270;1135
20111226;037270;1178
20111223;037270;1208
20111222;037270;1193
20111221;037270;1233
20111220;037270;1218
20111219;037270;1158
20111216;037270;1315
20111215;037270;1145
20111214;037270;1310
20111213;037270;1365
20111212;037270;1410
20111209;037270;1448
20111208;037270;1528
20111207;037270;1510
20111206;037270;1525
20111205;037270;1480
20111202;037270;1288
20111201;037270;1120
20111130;037270;1103
20111129;037270;960
20111128;037270;960
20111125;037270;958
20111124;037270;1043
20111123;037270;1088
20111122;037270;1150
20111121;037270;1140
20111118;037270;1175
20111117;037270;1200
20111116;037270;1213
20111115;037270;1363
20111114;037270;1185
20111111;037270;1133
20111110;037270;1123
20111109;037270;1248
20111108;037270;1343
20111107;037270;1208
20111104;037270;1050
20111103;037270;1113
20111102;037270;1200
20111101;037270;1220
20111031;037270;1353
20111028;037270;1333
20111027;037270;1568
20111026;037270;1843
20111025;037270;1848
20111024;037270;2173
20111021;037270;1890
20111020;037270;1885
20111019;037270;2218
20111018;037270;1930
20111017;037270;1903
20111014;037270;1913
20111013;037270;2230
20111012;037270;2198
20111011;037270;2218
20111010;037270;1930
20111007;037270;1680
20111006;037270;1463
20111005;037270;1273
20111004;037270;1108
20110930;037270;965
20110929;037270;910
20110928;037270;1015
20110927;037270;975
20110926;037270;1120
20110923;037270;1285
20110922;037270;1215
20110921;037270;1180
20110920;037270;1028
20110919;037270;895
20110916;037270;1020
20110915;037270;998
20110914;037270;868
20110909;037270;755
20110908;037270;883
20110907;037270;770
20110906;037270;670
20110905;037270;675
20110902;037270;675
20110901;037270;673
20110831;037270;663
20110830;037270;663
20110829;037270;670
20110826;037270;685
20110825;037270;670
20110824;037270;660
20110823;037270;670
20110822;037270;650
20110819;037270;630
20110818;037270;653
20110817;037270;650
20110816;037270;655
20110812;037270;633
20110811;037270;625
20110810;037270;623
20110809;037270;623
20110808;037270;640
20110805;037270;678
20110804;037270;728
20110803;037270;715
20110802;037270;735
20110801;037270;745
20110729;037270;740
20110728;037270;745
20110727;037270;745
20110726;037270;738
20110725;037270;738
20110722;037270;758
20110721;037270;785
20110720;037270;783
20110719;037270;785
20110718;037270;803
20110715;037270;803
20110714;037270;793
20110713;037270;853
20110712;037270;950
20110711;037270;1063
20110708;037270;960
20110707;037270;835
20110706;037270;728
20110705;037270;718
20110704;037270;740
20110701;037270;715
20110630;037270;743
20110629;037270;748
20110628;037270;710
20110627;037270;760
20110624;037270;735
20110623;037270;698
20110622;037270;705
20110621;037270;660
20110620;037270;693
20110617;037270;715
20110616;037270;720
20110615;037270;725
20110614;037270;710
20110613;037270;758
20110610;037270;750
20110609;037270;730
20110608;037270;730
20110607;037270;730
20110603;037270;710
20110602;037270;720
20110601;037270;720
20110531;037270;715
20110530;037270;763
20110527;037270;800
20110526;037270;798
20110525;037270;793
20110524;037270;775
20110523;037270;800
20110520;037270;763
20110519;037270;783
20110518;037270;800
20110517;037270;863
20110516;037270;795
20110513;037270;835
20110512;037270;833
20110511;037270;850
20110509;037270;740
20110506;037270;645
20110504;037270;655
20110503;037270;658
20110502;037270;653
20110429;037270;633
20110428;037270;650
20110427;037270;648
20110426;037270;648
20110425;037270;648
20110422;037270;623
20110421;037270;640
20110420;037270;655
20110419;037270;610
20110418;037270;663
20110415;037270;665
20110414;037270;648
20110413;037270;650
20110412;037270;648
20110411;037270;635
20110408;037270;663
20110407;037270;660
20110406;037270;640
20110405;037270;638
20110404;037270;655
20110401;037270;628
20110331;037270;600
20110330;037270;600
20110329;037270;598
20110328;037270;620
20110325;037270;628
20110324;037270;610
20110323;037270;613
20110322;037270;608
20110321;037270;603
20110318;037270;615
20110317;037270;588
20110316;037270;593
20110315;037270;585
20110314;037270;628
20110311;037270;635
20110310;037270;650
20110309;037270;650
20110308;037270;635
20110307;037270;643
20110304;037270;613
20110303;037270;615
20110302;037270;633
20110228;037270;635
20110225;037270;630
20110224;037270;633
20110223;037270;625
20110222;037270;653
20110221;037270;650
20110218;037270;635
20110217;037270;650
20110216;037270;658
20110215;037270;653
20110214;037270;678
20110211;037270;683
20110210;037270;675
20110209;037270;680
20110208;037270;680
20110207;037270;680
20110201;037270;695
20110131;037270;680
20110128;037270;675
20110127;037270;675
20110126;037270;675
20110125;037270;668
20110124;037270;665
20110121;037270;670
20110120;037270;675
20110119;037270;633
20110118;037270;640
20110117;037270;663
20110114;037270;633
20110113;037270;630
20110112;037270;635
20110111;037270;633
20110110;037270;645
20110107;037270;645
20110106;037270;645
20110105;037270;638
20110104;037270;650
20110103;037270;633
20101230;037270;630
20101229;037270;640
20101228;037270;625
20101227;037270;633
20101224;037270;635
20101223;037270;635
20101222;037270;628
20101221;037270;628
20101220;037270;628
20101217;037270;633
20101216;037270;635
20101215;037270;640
20101214;037270;638
20101213;037270;635
20101210;037270;645
20101209;037270;630
20101208;037270;633
20101207;037270;645
20101206;037270;643
20101203;037270;643
20101202;037270;640
20101201;037270;643
20101130;037270;635
20101129;037270;643
20101126;037270;633
20101125;037270;650
20101124;037270;650
20101123;037270;655
20101122;037270;650
20101119;037270;650
20101118;037270;645
20101117;037270;658
20101116;037270;675
20101115;037270;685
20101112;037270;680
20101111;037270;700
20101110;037270;710
20101109;037270;698
20101108;037270;693
20101105;037270;713
20101104;037270;700
20101103;037270;713
20101102;037270;660
20101101;037270;655
20101029;037270;655
20101028;037270;655
20101027;037270;683
20101026;037270;673
20101025;037270;688
20101022;037270;693
20101021;037270;680
20101020;037270;670
20101019;037270;648
20101018;037270;640
20101015;037270;635
20101014;037270;625
20101013;037270;635
20101012;037270;638
20101011;037270;638
20101008;037270;633
20101007;037270;628
20101006;037270;640
20101005;037270;640
20101004;037270;643
20101001;037270;645
20100930;037270;650
20100929;037270;650
20100928;037270;653
20100927;037270;640
20100924;037270;640
20100920;037270;628
20100917;037270;635
20100916;037270;645
20100915;037270;658
20100914;037270;643
20100913;037270;638
20100910;037270;650
20100909;037270;643
20100908;037270;645
20100907;037270;640
20100906;037270;643
20100903;037270;643
20100902;037270;653
20100901;037270;658
20100831;037270;650
20100830;037270;668
20100827;037270;663
20100826;037270;658
20100825;037270;683
20100824;037270;675
20100823;037270;670
20100820;037270;678
20100819;037270;678
20100818;037270;675
20100817;037270;685
20100816;037270;678
20100813;037270;685
20100812;037270;678
20100811;037270;705
20100810;037270;710
20100809;037270;710
20100806;037270;695
20100805;037270;693
20100804;037270;690
20100803;037270;728
20100802;037270;703
20100730;037270;690
20100729;037270;670
20100728;037270;690
20100727;037270;695
20100726;037270;700
20100723;037270;675
20100722;037270;675
20100721;037270;688
20100720;037270;698
20100719;037270;698
20100716;037270;685
20100715;037270;685
20100714;037270;685
20100713;037270;683
20100712;037270;688
20100709;037270;688
20100708;037270;675
20100707;037270;675
20100706;037270;675
20100705;037270;675
20100702;037270;675
20100701;037270;678
20100630;037270;673
20100629;037270;678
20100628;037270;685
20100625;037270;680
20100624;037270;680
20100623;037270;693
20100622;037270;680
20100621;037270;700
20100618;037270;670
20100617;037270;673
20100616;037270;685
20100615;037270;700
20100614;037270;705
20100611;037270;693
20100610;037270;708
20100609;037270;705
20100608;037270;715
20100607;037270;715
20100604;037270;735
20100603;037270;720
20100601;037270;730
20100531;037270;765
20100528;037270;735
20100527;037270;750
20100526;037270;748
20100525;037270;743
20100524;037270;750
20100520;037270;755
20100519;037270;773
20100518;037270;770
20100517;037270;773
20100514;037270;775
20100513;037270;773
20100512;037270;768
20100511;037270;783
20100510;037270;770
20100507;037270;770
20100506;037270;790
20100504;037270;798
20100503;037270;783
20100430;037270;798
20100429;037270;795
20100428;037270;788
20100427;037270;785
20100426;037270;793
20100423;037270;795
20100422;037270;805
20100421;037270;810
20100420;037270;800
20100419;037270;798
20100416;037270;805
20100415;037270;813
20100414;037270;820
20100413;037270;820
20100412;037270;823
20100409;037270;828
20100408;037270;830
20100407;037270;825
20100406;037270;820
20100405;037270;850
20100402;037270;790
20100401;037270;790
20100331;037270;790
20100330;037270;790
20100329;037270;790
20100326;037270;790
20100325;037270;783
20100324;037270;775
20100323;037270;793
20100322;037270;790
20100319;037270;793
20100318;037270;793
20100317;037270;788
20100316;037270;783
20100315;037270;783
20100312;037270;788
20100311;037270;790
20100310;037270;790
20100309;037270;790
20100308;037270;790
20100305;037270;788
20100304;037270;788
20100303;037270;793
20100302;037270;795
20100226;037270;815
20100225;037270;823
20100224;037270;845
20100223;037270;795
20100222;037270;775
20100219;037270;775
20100218;037270;780
20100217;037270;773
20100216;037270;773
20100212;037270;790
20100211;037270;790
20100210;037270;775
20100209;037270;783
20100208;037270;795
20100205;037270;795
20100204;037270;825
20100203;037270;798
20100202;037270;795
20100201;037270;808
20100129;037270;793
20100128;037270;780
20100127;037270;793
20100126;037270;793
20100125;037270;783
20100122;037270;793
20100121;037270;815
20100120;037270;838
20100119;037270;840
20100118;037270;850
20100115;037270;788
20100114;037270;775
20100113;037270;773
20100112;037270;773
20100111;037270;775
20100108;037270;775
20100107;037270;790
20100106;037270;780
20100105;037270;760
20100104;037270;778
20091230;037270;788
20091229;037270;800
20091228;037270;823
20091224;037270;828
20091223;037270;818
20091222;037270;818
20091221;037270;820
20091218;037270;818
20091217;037270;833
20091216;037270;838
20091215;037270;835
20091214;037270;828
20091211;037270;830
20091210;037270;833
20091209;037270;830
20091208;037270;828
20091207;037270;828
20091204;037270;833
20091203;037270;828
20091202;037270;775
20091201;037270;765
20091130;037270;793
20091127;037270;798
20091126;037270;833
20091125;037270;823
20091124;037270;835
20091123;037270;835
20091120;037270;815
20091119;037270;793
20091118;037270;795
20091117;037270;818
20091116;037270;835
20091113;037270;830
20091112;037270;828
20091111;037270;785
20091110;037270;785
20091109;037270;778
20091106;037270;785
20091105;037270;788
20091104;037270;765
20091103;037270;750
20091102;037270;750
20091030;037270;750
20091029;037270;748
20091028;037270;768
20091027;037270;783
20091026;037270;783
20091023;037270;775
20091022;037270;753
20091021;037270;785
20091020;037270;780
20091019;037270;780
20091016;037270;780
20091015;037270;785
20091014;037270;783
20091013;037270;788
20091012;037270;785
20091009;037270;790
20091008;037270;793
20091007;037270;790
20091006;037270;783
20091005;037270;778
20091001;037270;805
20090930;037270;808
20090929;037270;825
20090928;037270;790
20090925;037270;788
20090924;037270;798
20090923;037270;805
20090922;037270;803
20090921;037270;798
20090918;037270;793
20090917;037270;783
20090916;037270;785
20090915;037270;780
20090914;037270;810
20090911;037270;815
20090910;037270;818
20090909;037270;793
20090908;037270;805
20090907;037270;790
20090904;037270;800
20090903;037270;795
20090902;037270;788
20090901;037270;755
20090831;037270;753
20090828;037270;840
20090827;037270;860
20090826;037270;870
20090825;037270;893
20090824;037270;893
20090821;037270;923
20090820;037270;915
20090819;037270;918
20090818;037270;948
20090817;037270;963
20090814;037270;985
20090813;037270;993
20090812;037270;990
20090811;037270;995
20090810;037270;978
20090807;037270;965
20090806;037270;975
20090805;037270;1008
20090804;037270;1013
20090803;037270;1010
20090731;037270;995
20090730;037270;1008
20090729;037270;1013
20090728;037270;1035
20090727;037270;1028
20090724;037270;1050
20090723;037270;1075
20090722;037270;1043
20090721;037270;1038
20090720;037270;1020
20090717;037270;1003
20090716;037270;1083
20090715;037270;1130
20090714;037270;1100
20090713;037270;1078
20090710;037270;1098
20090709;037270;1100
20090708;037270;1018
20090707;037270;1025
20090706;037270;1025
20090703;037270;1020
20090702;037270;1010
20090701;037270;1025
20090630;037270;1065
20090629;037270;1073
20090626;037270;1055
20090625;037270;1023
20090624;037270;1018
20090623;037270;1030
20090622;037270;1120
20090619;037270;1133
20090618;037270;1118
20090617;037270;1115
20090616;037270;1123
20090615;037270;1113
20090612;037270;1113
20090611;037270;1130
20090610;037270;1135
20090609;037270;1140
20090608;037270;1173
20090605;037270;1120
20090604;037270;1090
20090603;037270;1023
20090602;037270;1008
20090601;037270;968
20090529;037270;963
20090528;037270;955
20090527;037270;930
20090526;037270;950
20090525;037270;1020
20090522;037270;1050
20090521;037270;1075
20090520;037270;975
20090519;037270;950
20090518;037270;930
20090515;037270;953
20090514;037270;953
20090513;037270;980
20090512;037270;983
20090511;037270;980
20090508;037270;975
20090507;037270;975
20090506;037270;973
20090504;037270;1015
20090430;037270;923
20090429;037270;863
20090428;037270;860
20090427;037270;945
20090424;037270;933
20090423;037270;888
20090422;037270;890
20090421;037270;860
20090420;037270;855
20090417;037270;850
20090416;037270;895
20090415;037270;905
20090414;037270;865
20090413;037270;858
20090410;037270;793
20090409;037270;790
20090408;037270;798
20090407;037270;800
20090406;037270;803
20090403;037270;793
20090402;037270;805
20090401;037270;813
20090331;037270;800
20090330;037270;800
20090327;037270;803
20090326;037270;815
20090325;037270;815
20090324;037270;810
20090323;037270;825
20090320;037270;813
20090319;037270;800
20090318;037270;830
20090317;037270;825
20090316;037270;810
20090313;037270;805
20090312;037270;818
20090311;037270;775
20090310;037270;803
20090309;037270;815
20090306;037270;808
20090305;037270;808
20090304;037270;800
20090303;037270;793
20090302;037270;815
20090227;037270;815
20090226;037270;800
20090225;037270;810
20090224;037270;795
20090223;037270;818
20090220;037270;793
20090219;037270;830
20090218;037270;803
20090217;037270;813
20090216;037270;838
20090213;037270;823
20090212;037270;820
20090211;037270;825
20090210;037270;828
20090209;037270;835
20090206;037270;838
20090205;037270;785
20090204;037270;813
20090203;037270;825
20090202;037270;825
20090130;037270;848
20090129;037270;875
20090128;037270;865
20090123;037270;865
20090122;037270;883
20090121;037270;880
20090120;037270;915
20090119;037270;918
20090116;037270;883
20090115;037270;875
20090114;037270;860
20090113;037270;853
20090112;037270;870
20090109;037270;890
20090108;037270;895
20090107;037270;903
20090106;037270;955
20090105;037270;993
20090102;037270;865
20081230;037270;863
20081229;037270;813
20081226;037270;915
20081224;037270;900
20081223;037270;870
20081222;037270;885
20081219;037270;900
20081218;037270;885
20081217;037270;898
20081216;037270;920
20081215;037270;918
20081212;037270;855
20081211;037270;798
20081210;037270;815
20081209;037270;770
20081208;037270;753
20081205;037270;775
20081204;037270;770
20081203;037270;768
20081202;037270;765
20081201;037270;775
20081128;037270;793
20081127;037270;855
20081126;037270;823
20081125;037270;858
20081124;037270;755
20081121;037270;848
20081120;037270;825
20081119;037270;855
20081118;037270;848
20081117;037270;745
20081114;037270;723
20081113;037270;748
20081112;037270;745
20081111;037270;710
20081110;037270;745
20081107;037270;750
20081106;037270;700
20081105;037270;760
20081104;037270;685
20081103;037270;648
20081031;037270;663
20081030;037270;645
20081029;037270;603
20081028;037270;690
20081027;037270;630
20081024;037270;615
20081023;037270;665
20081022;037270;730
20081021;037270;730
20081020;037270;773
20081017;037270;715
20081016;037270;760
20081015;037270;760
20081014;037270;815
20081013;037270;815
20081010;037270;828
20081009;037270;853
20081008;037270;865
20081007;037270;878
20081006;037270;918
20081002;037270;945
20081001;037270;1035
20080930;037270;1038
20080929;037270;1068
20080926;037270;1068
20080925;037270;1065
20080924;037270;1075
20080923;037270;1060
20080922;037270;1053
20080919;037270;1035
20080918;037270;1063
20080917;037270;1073
20080916;037270;1070
20080912;037270;1148
20080911;037270;1128
20080910;037270;1095
20080909;037270;1115
20080908;037270;1123
20080905;037270;1123
20080904;037270;1098
20080903;037270;1090
20080902;037270;1120
20080901;037270;1210
20080829;037270;1275
20080828;037270;1290
20080827;037270;1295
20080826;037270;1263
20080825;037270;1263
20080822;037270;1230
20080821;037270;1173
20080820;037270;1248
20080819;037270;1285
20080818;037270;1300
20080814;037270;1313
20080813;037270;1320
20080812;037270;1283
20080811;037270;1303
20080808;037270;1338
20080807;037270;1300
20080806;037270;1320
20080805;037270;1358
20080804;037270;1355
20080801;037270;1355
20080731;037270;1365
20080730;037270;1360
20080729;037270;1350
20080728;037270;1365
20080725;037270;1365
20080724;037270;1375
20080723;037270;1355
20080722;037270;1395
20080721;037270;1350
20080718;037270;1318
20080717;037270;1315
20080716;037270;1310
20080715;037270;1320
20080714;037270;1320
20080711;037270;1303
20080710;037270;1290
20080709;037270;1245
20080708;037270;1228
20080707;037270;1228
20080704;037270;1285
20080703;037270;1205
20080702;037270;1300
20080701;037270;1363
20080630;037270;1360
20080627;037270;1375
20080626;037270;1363
20080625;037270;1358
20080624;037270;1345
20080623;037270;1405
20080620;037270;1390
20080619;037270;1410
20080618;037270;1440
20080617;037270;1450
20080616;037270;1443
20080613;037270;1413
20080612;037270;1400
20080611;037270;1410
20080610;037270;1410
20080609;037270;1425
20080605;037270;1403
20080604;037270;1398
20080603;037270;1433
20080602;037270;1388
20080530;037270;1390
20080529;037270;1373
20080528;037270;1418
20080527;037270;1420
20080526;037270;1430
20080523;037270;1410
20080522;037270;1385
20080521;037270;1415
20080520;037270;1390
20080519;037270;1395
20080516;037270;1365
20080515;037270;1318
20080514;037270;1363
20080513;037270;1413
20080509;037270;1400
20080508;037270;1415
20080507;037270;1478
20080506;037270;1563
20080502;037270;1613
20080430;037270;1783
20080429;037270;1758
20080428;037270;1755
20080425;037270;1750
20080424;037270;1735
20080423;037270;1740
20080422;037270;1743
20080421;037270;1755
20080418;037270;1730
20080417;037270;1750
20080416;037270;1750
20080415;037270;1750
20080414;037270;1738
20080411;037270;1735
20080410;037270;1703
20080408;037270;1710
20080407;037270;1745
20080404;037270;1750
20080403;037270;1715
20080402;037270;1735
20080401;037270;1735
20080331;037270;1725
20080328;037270;1650
20080327;037270;1633
20080326;037270;1700
20080325;037270;1735
20080324;037270;1750
20080321;037270;1763
20080320;037270;1800
20080319;037270;1800
20080318;037270;1790
20080317;037270;1775
20080314;037270;1785
20080313;037270;1895
20080312;037270;1950
20080311;037270;1965
20080310;037270;1950
20080307;037270;1940
20080306;037270;1940
20080305;037270;2050
20080304;037270;2095
20080303;037270;2108
20080229;037270;2120
20080228;037270;2140
20080227;037270;2163
20080226;037270;2163
20080225;037270;2175
20080222;037270;2158
20080221;037270;2195
20080220;037270;2185
20080219;037270;2140
20080218;037270;2180
20080215;037270;2130
20080214;037270;2183
20080213;037270;2070
20080212;037270;2110
20080211;037270;2103
20080205;037270;2150
20080204;037270;2120
20080201;037270;2100
20080131;037270;2175
20080130;037270;2193
20080129;037270;2245
20080128;037270;2280
20080125;037270;2318
20080124;037270;2298
20080123;037270;2248
20080122;037270;2275
20080121;037270;2285
20080118;037270;2300
20080117;037270;2275
20080116;037270;2275
20080115;037270;2313
20080114;037270;2275
20080111;037270;2290
20080110;037270;2260
20080109;037270;2305
20080108;037270;2335
20080107;037270;2375
20080104;037270;2413
20080103;037270;2400
20080102;037270;2433
20071228;037270;2505
20071227;037270;2515
20071226;037270;2580
20071224;037270;2545
20071221;037270;2570
20071220;037270;2565
20071218;037270;2575
20071217;037270;2550
20071214;037270;2595
20071213;037270;2685
20071212;037270;2445
20071211;037270;2465
20071210;037270;2475
20071207;037270;2500
20071206;037270;2520
20071205;037270;2485
20071204;037270;2550
20071203;037270;2545
20071130;037270;2585
20071129;037270;2510
20071128;037270;2500
20071127;037270;2515
20071126;037270;2500
20071123;037270;2490
20071122;037270;2615
20071121;037270;2278
20071120;037270;2285
20071119;037270;2350
20071116;037270;2465
20071115;037270;2428
20071114;037270;2458
20071113;037270;2338
20071112;037270;2285
20071109;037270;2415
20071108;037270;2395
20071107;037270;2398
20071106;037270;2473
20071105;037270;2525
20071102;037270;2428
20071101;037270;2483
20071031;037270;2620
20071030;037270;2700
20071029;037270;2695
20071026;037270;2650
20071025;037270;2660
20071024;037270;2660
20071023;037270;2550
20071022;037270;2425
20071019;037270;2550
20071018;037270;2550
20071017;037270;2500
20071016;037270;2575
20071015;037270;2625
20071012;037270;2493
20071011;037270;2690
20071010;037270;2625
20071009;037270;2600
20071008;037270;2750
20071005;037270;2840
20071004;037270;2990
20071002;037270;3020
20071001;037270;3030
20070928;037270;3010
20070927;037270;3055
20070921;037270;2995
20070920;037270;2970
20070919;037270;3055
20070918;037270;2985
20070917;037270;3045
20070914;037270;3055
20070913;037270;2965
20070912;037270;2975
20070911;037270;2985
20070910;037270;2920
20070907;037270;2935
20070906;037270;3020
20070905;037270;3040
20070904;037270;3035
20070903;037270;3090
20070831;037270;3090
20070830;037270;3035
20070829;037270;3000
20070828;037270;3000
20070827;037270;3030
20070824;037270;3095
20070823;037270;2950
20070822;037270;2705
20070821;037270;2550
20070820;037270;2520
20070817;037270;2430
20070816;037270;2550
20070814;037270;2995
20070813;037270;3200
20070810;037270;3095
20070809;037270;3340
20070808;037270;3320
20070807;037270;3090
20070806;037270;2840
20070803;037270;2925
20070802;037270;2865
20070801;037270;2735
20070731;037270;2730
20070730;037270;2695
20070727;037270;2725
20070726;037270;2730
20070725;037270;2725
20070724;037270;2680
20070723;037270;2650
20070720;037270;2750
20070719;037270;2795
20070718;037270;2825
20070716;037270;2800
20070713;037270;2810
20070712;037270;2625
20070711;037270;2560
20070710;037270;2675
20070709;037270;2695
20070706;037270;2750
20070705;037270;2690
20070704;037270;2830
20070703;037270;2665
20070702;037270;2700
20070629;037270;2700
20070628;037270;2590
20070627;037270;2480
20070626;037270;2630
20070625;037270;2675
20070622;037270;2490
20070621;037270;2488
20070620;037270;2400
20070619;037270;2400
20070618;037270;2400
20070615;037270;2400
20070614;037270;2440
20070613;037270;2473
20070612;037270;2450
20070611;037270;2378
20070608;037270;2400
20070607;037270;2415
20070605;037270;2420
20070604;037270;2440
20070601;037270;2468
20070531;037270;2450
20070530;037270;2440
20070529;037270;2415
20070528;037270;2450
20070525;037270;2475
20070523;037270;2475
20070522;037270;2500
20070521;037270;2510
20070518;037270;2545
20070517;037270;2490
20070516;037270;2450
20070515;037270;2450
20070514;037270;2540
20070511;037270;2580
20070510;037270;2595
20070509;037270;2590
20070508;037270;2600
20070507;037270;2630
20070504;037270;2775
20070503;037270;2645
20070502;037270;2300
20070430;037270;2305
20070427;037270;2400
20070426;037270;2420
20070425;037270;2390
20070424;037270;2350
20070423;037270;2635
20070420;037270;2500
20070419;037270;2450
20070418;037270;2498
20070417;037270;2705
20070416;037270;2660
20070413;037270;2315
20070412;037270;2195
20070411;037270;2100
20070410;037270;1973
20070409;037270;2020
20070406;037270;2040
20070405;037270;2040
20070404;037270;2040
20070403;037270;2040
20070402;037270;2040
20070330;037270;2040
20070329;037270;2040
20070328;037270;1785
20070327;037270;1800
20070326;037270;1750
20070323;037270;1710
20070322;037270;1645
20070321;037270;1630
20070320;037270;1620
20070319;037270;1655
20070316;037270;1630
20070315;037270;1635
20070314;037270;1600
20070313;037270;1610
20070312;037270;1600
20070309;037270;1620
20070308;037270;1680
20070307;037270;1685
20070306;037270;1700
20070305;037270;1685
20070302;037270;1765
20070228;037270;1770
20070227;037270;1800
20070226;037270;1765
20070223;037270;1790
20070222;037270;1790
20070221;037270;1770
20070220;037270;1770
20070216;037270;1780
20070215;037270;1790
20070214;037270;1745
20070213;037270;1745
20070212;037270;1750
20070209;037270;1740
20070208;037270;1750
20070207;037270;1745
20070206;037270;1745
20070205;037270;1780
20070202;037270;1795
20070201;037270;1800
20070131;037270;1750
20070130;037270;1705
20070129;037270;1705
20070126;037270;1730
20070125;037270;1730
20070124;037270;1695
20070123;037270;1630
20070122;037270;1670
20070119;037270;1670
20070118;037270;1675
20070117;037270;1650
20070116;037270;1645
20070115;037270;1680
20070112;037270;1690
20070111;037270;1685
20070110;037270;1680
20070109;037270;1705
20070108;037270;1700
20070105;037270;1680
20070104;037270;1700
20070103;037270;1715
20070102;037270;1725
20061228;037270;1750
20061227;037270;1810
20061226;037270;1925
20061222;037270;1935
20061221;037270;1970
20061220;037270;1970
20061219;037270;1995
20061218;037270;1980
20061215;037270;1910
20061214;037270;1880
20061213;037270;1885
20061212;037270;2050
20061211;037270;1835
20061208;037270;1845
20061207;037270;1810
20061206;037270;1815
20061205;037270;1825
20061204;037270;1840
20061201;037270;1835
20061130;037270;1820
20061129;037270;1935
20061128;037270;1895
20061127;037270;1900
20061124;037270;1860
20061123;037270;1825
20061122;037270;1810
20061121;037270;1830
20061120;037270;1900
20061117;037270;1800
20061116;037270;1910
20061115;037270;1815
20061114;037270;1875
20061113;037270;1945
20061110;037270;1915
20061109;037270;1670
20061108;037270;1685
20061107;037270;1660
20061106;037270;1700
20061103;037270;1715
20061102;037270;1725
20061101;037270;1725
20061031;037270;1740
20061030;037270;1710
20061027;037270;1715
20061026;037270;1685
20061025;037270;1665
20061024;037270;1700
20061023;037270;1650
20061020;037270;1680
20061019;037270;1680
20061018;037270;1685
20061017;037270;1660
20061016;037270;1635
20061013;037270;1635
20061012;037270;1665
20061011;037270;1645
20061010;037270;1720
20061009;037270;1680
20061004;037270;1740
20061002;037270;1700
20060929;037270;1715
20060928;037270;1750
20060927;037270;1810
20060926;037270;1695
20060925;037270;1740
20060922;037270;1705
20060921;037270;1735
20060920;037270;1760
20060919;037270;1850
20060918;037270;1800
20060915;037270;1680
20060914;037270;1750
20060913;037270;1700
20060912;037270;1680
20060911;037270;1670
20060908;037270;1650
20060907;037270;1650
20060906;037270;1640
20060905;037270;1615
20060904;037270;1640
20060901;037270;1645
20060831;037270;1620
20060830;037270;1595
20060829;037270;1625
20060828;037270;1605
20060825;037270;1570
20060824;037270;1595
20060823;037270;1610
20060822;037270;1630
20060821;037270;1625
20060818;037270;1625
20060817;037270;1550
20060816;037270;1560
20060814;037270;1655
20060811;037270;1655
20060810;037270;1655
20060809;037270;1655
20060808;037270;1650
20060807;037270;1615
20060804;037270;1660
20060803;037270;1645
20060802;037270;1565
20060801;037270;1645
20060731;037270;1660
20060728;037270;1655
20060727;037270;1645
20060726;037270;1630
20060725;037270;1625
20060724;037270;1625
20060721;037270;1630
20060720;037270;1625
20060719;037270;1725
20060718;037270;1720
20060714;037270;1670
20060713;037270;1900
20060712;037270;1745
20060711;037270;1735
20060710;037270;1685
20060707;037270;1705
20060706;037270;1710
20060705;037270;1665
20060704;037270;1720
20060703;037270;1690
20060630;037270;1700
20060629;037270;1770
20060628;037270;1760
20060627;037270;1685
20060626;037270;1685
20060623;037270;1675
20060622;037270;1680
20060621;037270;1780
20060620;037270;1780
20060619;037270;1650
20060616;037270;1845
20060615;037270;1880
20060614;037270;1900
20060613;037270;1910
20060612;037270;1930
20060609;037270;1930
20060608;037270;1920
20060607;037270;1925
20060605;037270;1940
20060602;037270;1885
20060601;037270;1865
20060530;037270;1930
20060529;037270;2085
20060526;037270;1930
20060525;037270;2060
20060524;037270;2065
20060523;037270;2060
20060522;037270;2070
20060519;037270;2070
20060518;037270;2070
20060517;037270;2060
20060516;037270;2095
20060515;037270;2100
20060512;037270;2040
20060511;037270;2095
20060510;037270;1980
20060509;037270;2030
20060508;037270;2050
20060504;037270;2100
20060503;037270;2160
20060502;037270;2090
20060428;037270;2070
20060427;037270;2070
20060426;037270;2065
20060425;037270;2070
20060424;037270;2040
20060421;037270;2040
20060420;037270;2040
20060419;037270;2095
20060418;037270;2050
20060417;037270;2020
20060414;037270;2005
20060413;037270;2045
20060412;037270;2085
20060411;037270;2035
20060410;037270;2050
20060407;037270;2080
20060406;037270;2195
20060405;037270;2095
20060404;037270;2145
20060403;037270;2165
20060331;037270;2175
20060330;037270;2160
20060329;037270;2140
20060328;037270;2150
20060327;037270;2185
20060324;037270;2180
20060323;037270;2190
20060322;037270;2185
20060321;037270;2125
20060320;037270;2100
20060317;037270;2150
20060316;037270;2160
20060315;037270;2170
20060314;037270;2100
20060313;037270;2110
20060310;037270;2100
20060309;037270;2100
20060308;037270;2080
20060307;037270;2185
20060306;037270;2100
20060303;037270;2105
20060302;037270;2105
20060228;037270;2100
20060227;037270;2080
20060224;037270;2080
20060223;037270;2085
20060222;037270;2085
20060221;037270;2090
20060220;037270;2075
20060217;037270;2070
20060216;037270;2070
20060215;037270;2080
20060214;037270;2080
20060213;037270;2080
20060210;037270;2085
20060209;037270;2095
20060208;037270;2065
20060207;037270;2060
20060206;037270;2050
20060203;037270;2070
20060202;037270;2075
20060201;037270;2070
20060131;037270;2100
20060127;037270;2095
20060126;037270;2105
20060125;037270;2100
20060124;037270;2095
20060123;037270;2125
20060120;037270;2155
20060119;037270;2155
20060118;037270;2170
20060117;037270;2165
20060116;037270;2215
20060113;037270;2255
20060112;037270;2210
20060111;037270;2175
20060110;037270;2195
20060109;037270;2210
20060106;037270;2280
20060105;037270;2285
20060104;037270;2285
20060103;037270;2310
20060102;037270;2285
20051229;037270;2295
20051228;037270;2220
20051227;037270;2295
20051226;037270;2300
20051223;037270;2395
20051222;037270;2215
20051221;037270;2255
20051220;037270;2300
20051219;037270;2320
20051216;037270;2340
20051215;037270;2340
20051214;037270;2370
20051213;037270;2375
20051212;037270;2390
20051209;037270;2375
20051208;037270;2380
20051207;037270;2395
20051206;037270;2420
20051205;037270;2440
20051202;037270;2420
20051201;037270;2270
20051130;037270;2260
20051129;037270;2345
20051128;037270;2355
20051125;037270;2340
20051124;037270;2350
20051123;037270;2350
20051122;037270;2310
20051121;037270;2300
20051118;037270;2300
20051117;037270;2230
20051116;037270;2290
20051115;037270;2290
20051114;037270;2285
20051111;037270;2305
20051110;037270;2295
20051109;037270;2255
20051108;037270;2300
20051107;037270;2330
20051104;037270;2265
20051103;037270;2320
20051102;037270;2285
20051101;037270;2380
20051031;037270;2200
20051028;037270;2135
20051027;037270;2190
20051026;037270;2320
20051025;037270;2330
20051024;037270;2340
20051021;037270;2350
20051020;037270;2370
20051019;037270;2355
20051018;037270;2335
20051017;037270;2260
20051014;037270;2350
20051013;037270;2325
20051012;037270;2345
20051011;037270;2340
20051010;037270;2210
20051007;037270;2210
20051006;037270;2200
20051005;037270;2200
20051004;037270;2200
20050930;037270;2185
20050929;037270;2200
20050928;037270;2190
20050927;037270;2140
20050926;037270;2145
20050923;037270;2180
20050922;037270;2180
20050921;037270;2175
20050920;037270;2185
20050916;037270;2190
20050915;037270;2190
20050914;037270;2180
20050913;037270;2190
20050912;037270;2190
20050909;037270;2195
20050908;037270;2180
20050907;037270;2200
20050906;037270;2185
20050905;037270;2200
20050902;037270;2200
20050901;037270;2200
20050831;037270;2150
20050830;037270;2160
20050829;037270;2185
20050826;037270;2230
20050825;037270;2175
20050824;037270;2180
20050823;037270;2185
20050822;037270;2120
20050819;037270;2195
20050818;037270;2200
20050817;037270;2200
20050816;037270;2200
20050812;037270;2220
20050811;037270;2185
20050810;037270;2190
20050809;037270;2200
20050808;037270;2200
20050805;037270;2200
20050804;037270;2200
20050803;037270;2200
20050802;037270;2160
20050801;037270;2150
20050729;037270;2100
20050728;037270;2095
20050727;037270;2100
20050726;037270;2100
20050725;037270;2025
20050722;037270;1995
20050721;037270;2010
20050720;037270;2020
20050719;037270;2025
20050718;037270;2025
20050715;037270;2025
20050714;037270;2110
20050713;037270;2035
20050712;037270;2040
20050711;037270;2020
20050708;037270;2035
20050707;037270;2050
20050706;037270;2045
20050705;037270;2090
20050704;037270;2015
20050701;037270;2005
20050630;037270;2020
20050629;037270;2025
20050628;037270;2045
20050627;037270;2025
20050624;037270;1980
20050623;037270;2015
20050622;037270;2005
20050621;037270;2025
20050620;037270;2080
20050617;037270;2000
20050616;037270;2000
20050615;037270;2005
20050614;037270;2070
20050613;037270;2020
20050610;037270;2085
20050609;037270;2080
20050608;037270;2085
20050607;037270;2100
20050603;037270;2090
20050602;037270;2100
20050601;037270;2100
20050531;037270;2100
20050530;037270;2090
20050527;037270;2090
20050526;037270;2090
20050525;037270;2090
20050524;037270;2090
20050523;037270;2015
20050520;037270;2160
20050519;037270;2130
20050518;037270;2120
20050517;037270;2165
20050516;037270;2135
20050513;037270;2150
20050512;037270;2130
20050511;037270;2145
20050510;037270;2150
20050509;037270;2145
20050506;037270;2180
20050504;037270;2155
20050503;037270;2170
20050502;037270;2100
20050429;037270;2080
20050428;037270;2085
20050427;037270;2155
20050426;037270;2160
20050425;037270;2075
20050422;037270;2100
20050421;037270;2095
20050420;037270;2190
20050419;037270;2190
20050418;037270;2170
20050415;037270;2230
20050414;037270;2260
20050413;037270;2285
20050412;037270;2285
20050411;037270;2300
20050408;037270;2295
20050407;037270;2295
20050406;037270;2270
20050404;037270;2330
20050401;037270;2250
20050331;037270;2210
20050330;037270;2295
20050329;037270;2280
20050328;037270;2260
20050325;037270;2295
20050324;037270;2300
20050323;037270;2250
20050322;037270;2250
20050321;037270;2190
20050318;037270;2200
20050317;037270;2200
20050316;037270;2220
20050315;037270;2180
20050314;037270;2225
20050311;037270;2210
20050310;037270;2155
20050309;037270;2190
20050308;037270;2160
20050307;037270;2155
20050304;037270;2170
20050303;037270;2190
20050302;037270;2200
20050228;037270;2230
20050225;037270;2240
20050224;037270;2185
20050223;037270;2175
20050222;037270;2150
20050221;037270;2170
20050218;037270;2160
20050217;037270;2140
20050216;037270;2105
20050215;037270;2085
20050214;037270;2130
20050211;037270;2150
20050207;037270;2165
20050204;037270;2155
20050203;037270;2150
20050202;037270;2140
20050201;037270;2140
20050131;037270;2150
20050128;037270;2170
20050127;037270;2050
20050126;037270;2055
20050125;037270;2070
20050124;037270;2175
20050121;037270;2150
20050120;037270;2080
20050119;037270;2170
20050118;037270;2150
20050117;037270;2160
20050114;037270;2105
20050113;037270;2170
20050112;037270;2230
20050111;037270;2135
20050110;037270;2175
20050107;037270;2170
20050106;037270;2170
20050105;037270;2170
20050104;037270;2240
20050103;037270;2190
20041230;037270;2175
20041229;037270;2200
20041228;037270;2220
20041227;037270;2135
20041224;037270;2200
20041223;037270;2200
20041222;037270;2200
20041221;037270;2200
20041220;037270;2200
20041217;037270;2130
20041216;037270;2235
20041215;037270;2235
20041214;037270;2210
20041213;037270;2210
20041210;037270;2250
20041209;037270;2245
20041208;037270;2250
20041207;037270;2260
20041206;037270;2255
20041203;037270;2240
20041202;037270;2240
20041201;037270;2240
20041130;037270;2230
20041129;037270;2240
20041126;037270;2250
20041125;037270;2240
20041124;037270;2240
20041123;037270;2240
20041122;037270;2250
20041119;037270;2250
20041118;037270;2260
20041117;037270;2260
20041116;037270;2260
20041115;037270;2270
20041112;037270;2245
20041111;037270;2230
20041110;037270;2240
20041109;037270;2230
20041108;037270;2240
20041105;037270;2225
20041104;037270;2220
20041103;037270;2235
20041102;037270;2220
20041101;037270;2220
20041029;037270;2255
20041028;037270;2265
20041027;037270;2265
20041026;037270;2265
20041025;037270;2250
20041022;037270;2260
20041021;037270;2260
20041020;037270;2240
20041019;037270;2205
20041018;037270;2190
20041015;037270;2195
20041014;037270;2150
20041013;037270;2155
20041012;037270;2210
20041011;037270;2235
20041008;037270;2250
20041007;037270;2250
20041006;037270;2250
20041005;037270;2290
20041004;037270;2260
20041001;037270;2190
20040930;037270;2130
20040924;037270;2065
20040923;037270;1990
20040922;037270;2040
20040921;037270;2115
20040920;037270;2035
20040917;037270;2020
20040916;037270;2035
20040915;037270;1970
20040914;037270;1900
20040913;037270;1900
20040910;037270;1920
20040909;037270;1870
20040908;037270;1840
20040907;037270;1840
20040906;037270;1850
20040903;037270;1900
20040902;037270;1840
20040901;037270;1800
20040831;037270;1850
20040830;037270;1855
20040827;037270;1850
20040826;037270;1815
20040825;037270;1800
20040824;037270;1770
20040823;037270;1765
20040820;037270;1760
20040819;037270;1750
20040818;037270;1730
20040817;037270;1715
20040816;037270;1750
20040813;037270;1660
20040812;037270;1625
20040811;037270;1620
20040810;037270;1650
20040809;037270;1695
20040806;037270;1635
20040805;037270;1630
20040804;037270;1590
20040803;037270;1645
20040802;037270;1660
20040730;037270;1650
20040729;037270;1645
20040728;037270;1630
20040727;037270;1670
20040726;037270;1650
20040723;037270;1680
20040722;037270;1690
20040721;037270;1685
20040720;037270;1675
20040719;037270;1685
20040716;037270;1750
20040715;037270;1710
20040714;037270;1695
20040713;037270;1680
20040712;037270;1725
20040709;037270;1700
20040708;037270;1700
20040707;037270;1700
20040706;037270;1735
20040705;037270;1730
20040702;037270;1730
20040701;037270;1730
20040630;037270;1680
20040629;037270;1770
20040628;037270;1790
20040625;037270;1790
20040624;037270;1700
20040623;037270;1660
20040622;037270;1610
20040621;037270;1625
20040618;037270;1655
20040617;037270;1650
20040616;037270;1700
20040615;037270;1780
20040614;037270;1660
20040611;037270;1700
20040610;037270;1785
20040609;037270;1775
20040608;037270;1825
20040607;037270;1875
20040604;037270;1860
20040603;037270;1870
20040602;037270;1895
20040601;037270;1895
20040531;037270;1890
20040528;037270;1860
20040527;037270;1835
20040525;037270;1860
20040524;037270;1960
20040521;037270;1930
20040520;037270;1880
20040519;037270;1900
20040518;037270;1825
20040517;037270;1800
20040514;037270;1930
20040513;037270;2000
20040512;037270;1930
20040511;037270;1880
20040510;037270;1885
20040507;037270;2040
20040506;037270;2050
20040504;037270;2125
20040503;037270;2110
20040430;037270;2130
20040429;037270;2085
20040428;037270;2105
20040427;037270;2135
20040426;037270;2130
20040423;037270;2145
20040422;037270;2165
20040421;037270;2130
20040420;037270;2120
20040419;037270;2090
20040416;037270;2135
20040414;037270;2070
20040413;037270;2110
20040412;037270;2200
20040409;037270;2115
20040408;037270;2125
20040407;037270;2170
20040406;037270;2230
20040402;037270;2235
20040401;037270;2290
20040331;037270;2315
20040330;037270;2345
20040329;037270;2345
20040326;037270;2390
20040325;037270;2420
20040324;037270;2440
20040323;037270;2485
20040322;037270;2470
20040319;037270;2545
20040318;037270;2450
20040317;037270;2470
20040316;037270;2410
20040315;037270;2450
20040312;037270;2375
20040311;037270;2440
20040310;037270;2420
20040309;037270;2370
20040308;037270;2400
20040305;037270;2420
20040304;037270;2450
20040303;037270;2500
20040302;037270;2400
20040227;037270;2270
20040226;037270;2290
20040225;037270;2265
20040224;037270;2300
20040223;037270;2330
20040220;037270;2330
20040219;037270;2300
20040218;037270;2325
20040217;037270;2300
20040216;037270;2255
20040213;037270;2260
20040212;037270;2275
20040211;037270;2300
20040210;037270;2180
20040209;037270;2150
20040206;037270;2190
20040205;037270;2170
20040204;037270;2145
20040203;037270;2120
20040202;037270;2160
20040130;037270;2140
20040129;037270;2130
20040128;037270;2165
20040127;037270;2200
20040126;037270;2100
20040120;037270;2120
20040119;037270;2175
20040116;037270;2210
20040115;037270;2240
20040114;037270;2260
20040113;037270;2300
20040112;037270;2280
20040109;037270;2340
20040108;037270;2350
20040107;037270;2235
20040106;037270;2160
20040105;037270;2210
20040102;037270;2210
20031230;037270;2150
20031229;037270;2090
20031226;037270;2140
20031224;037270;2150
20031223;037270;2150
20031222;037270;2200
20031219;037270;2145
20031218;037270;2100
20031217;037270;2145
20031216;037270;2250
20031215;037270;2175
20031212;037270;1895
20031211;037270;1675
20031210;037270;1700
20031209;037270;1665
20031208;037270;1650
20031205;037270;1670
20031204;037270;1675
20031203;037270;1650
20031202;037270;1695
20031201;037270;1695
20031128;037270;1730
20031127;037270;1715
20031126;037270;1690
20031125;037270;1720
20031124;037270;1675
20031121;037270;1785
20031120;037270;1780
20031119;037270;1720
20031118;037270;1735
20031117;037270;1745
20031114;037270;1750
20031113;037270;1675
20031112;037270;1690
20031111;037270;1615
20031110;037270;1620
20031107;037270;1650
20031106;037270;1650
20031105;037270;1720
20031104;037270;1780
20031103;037270;1760
20031031;037270;1730
20031030;037270;1780
20031029;037270;1815
20031028;037270;1845
20031027;037270;1875
20031024;037270;1800
20031023;037270;1775
20031022;037270;1770
20031021;037270;1790
20031020;037270;1845
20031017;037270;1855
20031016;037270;1865
20031015;037270;1625
20031014;037270;1585
20031013;037270;1560
20031010;037270;1600
20031009;037270;1610
20031008;037270;1605
20031007;037270;1630
20031006;037270;1615
20031002;037270;1660
20031001;037270;1790
20030930;037270;1975
20030929;037270;1980
20030926;037270;1965
20030925;037270;2035
20030924;037270;2100
20030923;037270;2090
20030922;037270;2060
20030919;037270;2120
20030918;037270;2120
20030917;037270;2120
20030916;037270;2090
20030915;037270;2115
20030909;037270;2175
20030908;037270;2145
20030905;037270;2210
20030904;037270;2200
20030903;037270;2180
20030902;037270;2220
20030901;037270;2235
20030829;037270;2180
20030828;037270;2140
20030827;037270;2195
20030826;037270;2200
20030825;037270;2100
20030822;037270;2115
20030821;037270;2255
20030820;037270;2265
20030819;037270;2380
20030818;037270;2250
20030814;037270;2320
20030813;037270;2430
20030812;037270;2390
20030811;037270;2430
20030808;037270;2505
20030807;037270;2545
20030806;037270;2550
20030805;037270;2735
20030804;037270;2380
20030801;037270;2465
