20210224153000;064260;7720
20210224151900;064260;7710
20210224151800;064260;7810
20210224151700;064260;7780
20210224151600;064260;7880
20210224151500;064260;7890
20210224151400;064260;7950
20210224151300;064260;7940
20210224151200;064260;7960
20210224151100;064260;7970
20210224151000;064260;8020
20210224150900;064260;7970
20210224150800;064260;7900
20210224150700;064260;7950
20210224150600;064260;7960
20210224150500;064260;8010
20210224150400;064260;8050
20210224150300;064260;8030
20210224150200;064260;7990
20210224150100;064260;7970
20210224150000;064260;7960
20210224145900;064260;7940
20210224145800;064260;7900
20210224145700;064260;7900
20210224145600;064260;7900
20210224145500;064260;7880
20210224145400;064260;7930
20210224145300;064260;7960
20210224145200;064260;7950
20210224145100;064260;7990
20210224145000;064260;8020
20210224144900;064260;8040
20210224144800;064260;7990
20210224144700;064260;7970
20210224144600;064260;8000
20210224144500;064260;7990
20210224144400;064260;7950
20210224144300;064260;7850
20210224144200;064260;7830
20210224144100;064260;7950
20210224144000;064260;7980
20210224143900;064260;7980
20210224143800;064260;8060
20210224143700;064260;8090
20210224143600;064260;8060
20210224143500;064260;8040
20210224143400;064260;8050
20210224143300;064260;8090
20210224143200;064260;8130
20210224143100;064260;8140
20210224143000;064260;8140
20210224142900;064260;8150
20210224142800;064260;8100
20210224142700;064260;8080
20210224142600;064260;8120
20210224142500;064260;8130
20210224142400;064260;8150
20210224142300;064260;8160
20210224142200;064260;8150
20210224142100;064260;8150
20210224142000;064260;8180
20210224141900;064260;8180
20210224141800;064260;8190
20210224141700;064260;8180
20210224141600;064260;8170
20210224141500;064260;8160
20210224141400;064260;8130
20210224141300;064260;8140
20210224141200;064260;8140
20210224141100;064260;8150
20210224141000;064260;8170
20210224140900;064260;8190
20210224140800;064260;8200
20210224140700;064260;8200
20210224140600;064260;8210
20210224140500;064260;8160
20210224140400;064260;8120
20210224140300;064260;8110
20210224140200;064260;8140
20210224140100;064260;8140
20210224140000;064260;8160
20210224135900;064260;8170
20210224135800;064260;8170
20210224135700;064260;8190
20210224135600;064260;8180
20210224135500;064260;8170
20210224135400;064260;8200
20210224135300;064260;8210
20210224135200;064260;8220
20210224135100;064260;8210
20210224135000;064260;8210
20210224134900;064260;8240
20210224134800;064260;8270
20210224134700;064260;8270
20210224134600;064260;8260
20210224134500;064260;8230
20210224134400;064260;8220
20210224134300;064260;8220
20210224134200;064260;8200
20210224134100;064260;8180
20210224134000;064260;8240
20210224133900;064260;8260
20210224133800;064260;8280
20210224133700;064260;8310
20210224133600;064260;8250
20210224133500;064260;8310
20210224133400;064260;8310
20210224133300;064260;8340
20210224133200;064260;8300
20210224133100;064260;8280
20210224133000;064260;8330
20210224132900;064260;8340
20210224132800;064260;8350
20210224132700;064260;8390
20210224132600;064260;8360
20210224132500;064260;8410
20210224132400;064260;8430
20210224132300;064260;8240
20210224132200;064260;8220
20210224132100;064260;8230
20210224132000;064260;8220
20210224131900;064260;8210
20210224131800;064260;8190
20210224131700;064260;8220
20210224131600;064260;8160
20210224131500;064260;8170
20210224131400;064260;8180
20210224131300;064260;8190
20210224131200;064260;8190
20210224131100;064260;8190
20210224131000;064260;8170
20210224130900;064260;8160
20210224130800;064260;8150
20210224130700;064260;8140
20210224130600;064260;8140
20210224130500;064260;8140
20210224130400;064260;8140
20210224130300;064260;8140
20210224130200;064260;8130
20210224130100;064260;8090
20210224130000;064260;8090
20210224125900;064260;8100
20210224125800;064260;8100
20210224125700;064260;8090
20210224125600;064260;8090
20210224125500;064260;8100
20210224125400;064260;8100
20210224125300;064260;8110
20210224125200;064260;8130
20210224125100;064260;8140
20210224125000;064260;8120
20210224124900;064260;8130
20210224124800;064260;8150
20210224124700;064260;8150
20210224124600;064260;8150
20210224124500;064260;8140
20210224124400;064260;8150
20210224124300;064260;8150
20210224124200;064260;8150
20210224124100;064260;8160
20210224124000;064260;8170
20210224123900;064260;8170
20210224123800;064260;8160
20210224123700;064260;8150
20210224123600;064260;8150
20210224123500;064260;8150
20210224123400;064260;8150
20210224123300;064260;8120
20210224123200;064260;8120
20210224123100;064260;8110
20210224123000;064260;8120
20210224122900;064260;8120
20210224122800;064260;8120
20210224122700;064260;8160
20210224122600;064260;8180
20210224122500;064260;8190
20210224122400;064260;8160
20210224122300;064260;8170
20210224122200;064260;8130
20210224122100;064260;8020
20210224122000;064260;8070
20210224121900;064260;8100
20210224121800;064260;8110
20210224121700;064260;8110
20210224121600;064260;8100
20210224121500;064260;8130
20210224121400;064260;8170
20210224121300;064260;8170
20210224121200;064260;8180
20210224121100;064260;8200
20210224121000;064260;8220
20210224120900;064260;8230
20210224120800;064260;8240
20210224120700;064260;8240
20210224120600;064260;8240
20210224120500;064260;8230
20210224120400;064260;8230
20210224120300;064260;8240
20210224120200;064260;8260
20210224120100;064260;8290
20210224120000;064260;8290
20210224115900;064260;8280
20210224115800;064260;8260
20210224115700;064260;8260
20210224115600;064260;8270
20210224115500;064260;8280
20210224115400;064260;8270
20210224115300;064260;8250
20210224115200;064260;8240
20210224115100;064260;8230
20210224115000;064260;8230
20210224114900;064260;8250
20210224114800;064260;8210
20210224114700;064260;8210
20210224114600;064260;8220
20210224114500;064260;8220
20210224114400;064260;8210
20210224114300;064260;8230
20210224114200;064260;8220
20210224114100;064260;8230
20210224114000;064260;8230
20210224113900;064260;8250
20210224113800;064260;8220
20210224113700;064260;8230
20210224113600;064260;8240
20210224113500;064260;8260
20210224113400;064260;8260
20210224113300;064260;8280
20210224113200;064260;8280
20210224113100;064260;8250
20210224113000;064260;8220
20210224112900;064260;8230
20210224112800;064260;8220
20210224112700;064260;8240
20210224112600;064260;8260
20210224112500;064260;8260
20210224112400;064260;8260
20210224112300;064260;8270
20210224112200;064260;8310
20210224112100;064260;8310
20210224112000;064260;8320
20210224111900;064260;8320
20210224111800;064260;8320
20210224111700;064260;8300
20210224111600;064260;8270
20210224111500;064260;8280
20210224111400;064260;8270
20210224111300;064260;8280
20210224111200;064260;8290
20210224111100;064260;8310
20210224111000;064260;8310
20210224110900;064260;8310
20210224110800;064260;8340
20210224110700;064260;8340
20210224110600;064260;8350
20210224110500;064260;8340
20210224110400;064260;8300
20210224110300;064260;8330
20210224110200;064260;8340
20210224110100;064260;8340
20210224110000;064260;8350
20210224105900;064260;8370
20210224105800;064260;8350
20210224105700;064260;8370
20210224105600;064260;8390
20210224105500;064260;8400
20210224105400;064260;8410
20210224105300;064260;8440
20210224105200;064260;8510
20210224105100;064260;8450
20210224105000;064260;8420
20210224104900;064260;8420
20210224104800;064260;8430
20210224104700;064260;8370
20210224104600;064260;8340
20210224104500;064260;8330
20210224104400;064260;8320
20210224104300;064260;8340
20210224104200;064260;8350
20210224104100;064260;8330
20210224104000;064260;8300
20210224103900;064260;8350
20210224103800;064260;8400
20210224103700;064260;8360
20210224103600;064260;8340
20210224103500;064260;8280
20210224103400;064260;8350
20210224103300;064260;8400
20210224103200;064260;8430
20210224103100;064260;8510
20210224103000;064260;8550
20210224102900;064260;8450
20210224102800;064260;8550
20210224102700;064260;8480
20210224102600;064260;8410
20210224102500;064260;8380
20210224102400;064260;8420
20210224102300;064260;8480
20210224102200;064260;8440
20210224102100;064260;8440
20210224102000;064260;8470
20210224101900;064260;8530
20210224101800;064260;8490
20210224101700;064260;8610
20210224101600;064260;8670
20210224101500;064260;8750
20210224101400;064260;8920
20210224101300;064260;8970
20210224101200;064260;8890
20210224101100;064260;8740
20210224101000;064260;8680
20210224100900;064260;8590
20210224100800;064260;8490
20210224100700;064260;8530
20210224100600;064260;8490
20210224100500;064260;8370
20210224100400;064260;8440
20210224100300;064260;8380
20210224100200;064260;8330
20210224100100;064260;8250
20210224100000;064260;8280
20210224095900;064260;8290
20210224095800;064260;8240
20210224095700;064260;8180
20210224095600;064260;8170
20210224095500;064260;8160
20210224095400;064260;8170
20210224095300;064260;8160
20210224095200;064260;8150
20210224095100;064260;8160
20210224095000;064260;8140
20210224094900;064260;8120
20210224094800;064260;8170
20210224094700;064260;8190
20210224094600;064260;8190
20210224094500;064260;8200
20210224094400;064260;8150
20210224094300;064260;8160
20210224094200;064260;8190
20210224094100;064260;8190
20210224094000;064260;8180
20210224093900;064260;8240
20210224093800;064260;8220
20210224093700;064260;8210
20210224093600;064260;8230
20210224093500;064260;8220
20210224093400;064260;8180
20210224093300;064260;8280
20210224093200;064260;8330
20210224093100;064260;8290
20210224093000;064260;8280
20210224092900;064260;8210
20210224092800;064260;8190
20210224092700;064260;8170
20210224092600;064260;8100
20210224092500;064260;8110
20210224092400;064260;8090
20210224092300;064260;8080
20210224092200;064260;8170
20210224092100;064260;8200
20210224092000;064260;8160
20210224091900;064260;8140
20210224091800;064260;8150
20210224091700;064260;8140
20210224091600;064260;8150
20210224091500;064260;8170
20210224091400;064260;8100
20210224091300;064260;8090
20210224091200;064260;8150
20210224091100;064260;8300
20210224091000;064260;8320
20210224090900;064260;8190
20210224090800;064260;7960
20210224090700;064260;7920
20210224090600;064260;7960
20210224090500;064260;8140
20210224090400;064260;8130
20210224090300;064260;8130
20210224090200;064260;8160
20210224090100;064260;8080
20210224090000;064260;8280
20210223153500;064260;8520
20210223153000;064260;8520
20210223151900;064260;8480
20210223151800;064260;8490
20210223151700;064260;8460
20210223151600;064260;8450
20210223151500;064260;8500
20210223151400;064260;8490
20210223151300;064260;8530
20210223151200;064260;8590
20210223151100;064260;8630
20210223151000;064260;8610
20210223150900;064260;8530
20210223150800;064260;8520
20210223150700;064260;8510
20210223150600;064260;8510
20210223150500;064260;8490
20210223150400;064260;8480
20210223150300;064260;8470
20210223150200;064260;8460
20210223150100;064260;8500
20210223150000;064260;8510
20210223145900;064260;8520
20210223145800;064260;8460
20210223145700;064260;8460
20210223145600;064260;8470
20210223145500;064260;8480
20210223145400;064260;8520
20210223145300;064260;8450
20210223145200;064260;8420
20210223145100;064260;8420
20210223145000;064260;8380
20210223144900;064260;8410
20210223144800;064260;8450
20210223144700;064260;8480
20210223144600;064260;8460
20210223144500;064260;8420
20210223144400;064260;8390
20210223144300;064260;8400
20210223144200;064260;8390
20210223144100;064260;8380
20210223144000;064260;8320
20210223143900;064260;8360
20210223143800;064260;8410
20210223143700;064260;8440
20210223143600;064260;8450
20210223143500;064260;8440
20210223143400;064260;8390
20210223143300;064260;8470
20210223143200;064260;8470
20210223143100;064260;8510
20210223143000;064260;8460
20210223142900;064260;8550
20210223142800;064260;8550
20210223142700;064260;8500
20210223142600;064260;8650
20210223142500;064260;8590
20210223142400;064260;8710
20210223142300;064260;8630
20210223142200;064260;8580
20210223142100;064260;8550
20210223142000;064260;8490
20210223141900;064260;8490
20210223141800;064260;8440
20210223141700;064260;8420
20210223141600;064260;8420
20210223141500;064260;8410
20210223141400;064260;8400
20210223141300;064260;8390
20210223141200;064260;8400
20210223141100;064260;8400
20210223141000;064260;8380
20210223140900;064260;8370
20210223140800;064260;8370
20210223140700;064260;8380
20210223140600;064260;8370
20210223140500;064260;8370
20210223140400;064260;8370
20210223140300;064260;8330
20210223140200;064260;8370
20210223140100;064260;8380
20210223140000;064260;8390
20210223135900;064260;8430
20210223135800;064260;8350
20210223135700;064260;8340
20210223135600;064260;8390
20210223135500;064260;8400
20210223135400;064260;8370
20210223135300;064260;8450
20210223135200;064260;8440
20210223135100;064260;8390
20210223135000;064260;8360
20210223134900;064260;8350
20210223134800;064260;8300
20210223134700;064260;8290
20210223134600;064260;8290
20210223134500;064260;8340
20210223134400;064260;8360
20210223134300;064260;8370
20210223134200;064260;8360
20210223134100;064260;8390
20210223134000;064260;8370
20210223133900;064260;8340
20210223133800;064260;8320
20210223133700;064260;8340
20210223133600;064260;8360
20210223133500;064260;8440
20210223133400;064260;8400
20210223133300;064260;8390
20210223133200;064260;8350
20210223133100;064260;8320
20210223133000;064260;8340
20210223132900;064260;8330
20210223132800;064260;8260
20210223132700;064260;8240
20210223132600;064260;8210
20210223132500;064260;8190
20210223132400;064260;8200
20210223132300;064260;8210
20210223132200;064260;8190
20210223132100;064260;8130
20210223132000;064260;8210
20210223131900;064260;8230
20210223131800;064260;8240
20210223131700;064260;8230
20210223131600;064260;8240
20210223131500;064260;8210
20210223131400;064260;8210
20210223131300;064260;8220
20210223131200;064260;8190
20210223131100;064260;8180
20210223131000;064260;8140
20210223130900;064260;8210
20210223130800;064260;8250
20210223130700;064260;8260
20210223130600;064260;8250
20210223130500;064260;8200
20210223130400;064260;8160
20210223130300;064260;8100
20210223130100;064260;8110
20210223130000;064260;8190
20210223125900;064260;8230
20210223125800;064260;8280
20210223125700;064260;8290
20210223125600;064260;8270
20210223125500;064260;8290
20210223125400;064260;8320
20210223125300;064260;8320
20210223125200;064260;8360
20210223125100;064260;8350
20210223125000;064260;8360
20210223124900;064260;8340
20210223124800;064260;8300
20210223124700;064260;8320
20210223124600;064260;8350
20210223124500;064260;8350
20210223124400;064260;8370
20210223124300;064260;8360
20210223124200;064260;8360
20210223124100;064260;8350
20210223124000;064260;8380
20210223123900;064260;8390
20210223123800;064260;8360
20210223123700;064260;8360
20210223123600;064260;8330
20210223123500;064260;8330
20210223123400;064260;8330
20210223123300;064260;8340
20210223123200;064260;8330
20210223123100;064260;8340
20210223123000;064260;8320
20210223122900;064260;8310
20210223122800;064260;8340
20210223122700;064260;8340
20210223122600;064260;8330
20210223122500;064260;8420
20210223122400;064260;8410
20210223122300;064260;8420
20210223122200;064260;8440
20210223122100;064260;8460
20210223122000;064260;8490
20210223121900;064260;8510
20210223121800;064260;8480
20210223121700;064260;8440
20210223121600;064260;8410
20210223121500;064260;8390
20210223121400;064260;8420
20210223121300;064260;8450
20210223121200;064260;8470
20210223121100;064260;8490
20210223121000;064260;8520
20210223120900;064260;8470
20210223120800;064260;8450
20210223120700;064260;8460
20210223120600;064260;8410
20210223120500;064260;8490
20210223120400;064260;8450
20210223120300;064260;8430
20210223120200;064260;8400
20210223120100;064260;8350
20210223120000;064260;8330
20210223115900;064260;8310
20210223115800;064260;8310
20210223115700;064260;8310
20210223115600;064260;8350
20210223115500;064260;8370
20210223115400;064260;8400
20210223115300;064260;8410
20210223115200;064260;8390
20210223115100;064260;8370
20210223115000;064260;8450
20210223114900;064260;8440
20210223114800;064260;8390
20210223114700;064260;8340
20210223114600;064260;8310
20210223114500;064260;8290
20210223114400;064260;8310
20210223114300;064260;8310
20210223114200;064260;8280
20210223114100;064260;8300
20210223114000;064260;8350
20210223113900;064260;8360
20210223113800;064260;8450
20210223113700;064260;8440
20210223113600;064260;8450
20210223113500;064260;8440
20210223113400;064260;8420
20210223113300;064260;8450
20210223113200;064260;8490
20210223113100;064260;8530
20210223113000;064260;8500
20210223112900;064260;8450
20210223112800;064260;8470
20210223112700;064260;8520
20210223112600;064260;8550
20210223112500;064260;8560
20210223112400;064260;8560
20210223112300;064260;8560
20210223112200;064260;8550
20210223112100;064260;8550
20210223112000;064260;8580
20210223111900;064260;8600
20210223111800;064260;8620
20210223111700;064260;8580
20210223111600;064260;8560
20210223111500;064260;8530
20210223111400;064260;8500
20210223111300;064260;8480
20210223111200;064260;8490
20210223111100;064260;8500
20210223111000;064260;8530
20210223110900;064260;8530
20210223110800;064260;8530
20210223110700;064260;8570
20210223110600;064260;8600
20210223110500;064260;8510
20210223110400;064260;8540
20210223110300;064260;8550
20210223110200;064260;8600
20210223110100;064260;8600
20210223110000;064260;8610
20210223105900;064260;8630
20210223105800;064260;8660
20210223105700;064260;8700
20210223105600;064260;8680
20210223105500;064260;8670
20210223105400;064260;8610
20210223105300;064260;8610
20210223105200;064260;8640
20210223105100;064260;8640
20210223105000;064260;8630
20210223104900;064260;8670
20210223104800;064260;8680
20210223104700;064260;8680
20210223104600;064260;8650
20210223104500;064260;8710
20210223104400;064260;8750
20210223104300;064260;8730
20210223104200;064260;8690
20210223104100;064260;8800
20210223104000;064260;8840
20210223103900;064260;8830
20210223103800;064260;8800
20210223103700;064260;8820
20210223103600;064260;8860
20210223103500;064260;8930
20210223103400;064260;8880
20210223103300;064260;8850
20210223103200;064260;8830
20210223103100;064260;8850
20210223103000;064260;8890
20210223102900;064260;8980
20210223102800;064260;8960
20210223102700;064260;8820
20210223102600;064260;8800
20210223102500;064260;8820
20210223102400;064260;8890
20210223102300;064260;8850
20210223102200;064260;8880
20210223102100;064260;8800
20210223102000;064260;8710
20210223101900;064260;8710
20210223101800;064260;8730
20210223101700;064260;8720
20210223101600;064260;8690
20210223101500;064260;8660
20210223101400;064260;8630
20210223101300;064260;8640
20210223101200;064260;8680
20210223101100;064260;8740
20210223101000;064260;8690
20210223100900;064260;8660
20210223100800;064260;8680
20210223100700;064260;8630
20210223100600;064260;8570
20210223100500;064260;8630
20210223100400;064260;8620
20210223100300;064260;8610
20210223100200;064260;8680
20210223100100;064260;8680
20210223100000;064260;8770
20210223095900;064260;8810
20210223095800;064260;8900
20210223095700;064260;8830
20210223095600;064260;8780
20210223095500;064260;8690
20210223095400;064260;8670
20210223095300;064260;8600
20210223095200;064260;8580
20210223095100;064260;8530
20210223095000;064260;8530
20210223094900;064260;8500
20210223094800;064260;8480
20210223094700;064260;8510
20210223094600;064260;8540
20210223094500;064260;8550
20210223094400;064260;8530
20210223094300;064260;8570
20210223094200;064260;8570
20210223094100;064260;8600
20210223094000;064260;8660
20210223093900;064260;8570
20210223093800;064260;8610
20210223093700;064260;8530
20210223093600;064260;8470
20210223093500;064260;8520
20210223093400;064260;8480
20210223093300;064260;8570
20210223093200;064260;8500
20210223093100;064260;8470
20210223093000;064260;8400
20210223092900;064260;8360
20210223092800;064260;8330
20210223092700;064260;8380
20210223092600;064260;8380
20210223092500;064260;8380
20210223092400;064260;8260
20210223092300;064260;8370
20210223092200;064260;8410
20210223092100;064260;8420
20210223092000;064260;8460
20210223091900;064260;8470
20210223091800;064260;8450
20210223091700;064260;8570
20210223091600;064260;8550
20210223091500;064260;8570
20210223091400;064260;8500
20210223091300;064260;8480
20210223091200;064260;8410
20210223091100;064260;8400
20210223091000;064260;8400
20210223090900;064260;8350
20210223090800;064260;8390
20210223090700;064260;8370
20210223090600;064260;8400
20210223090500;064260;8480
20210223090400;064260;8610
20210223090300;064260;8630
20210223090200;064260;8840
20210223090100;064260;8830
20210223090000;064260;8660
20210222153500;064260;9500
20210222153000;064260;9500
20210222151900;064260;9550
20210222151800;064260;9550
20210222151700;064260;9340
20210222151600;064260;9450
20210222151500;064260;9460
20210222151400;064260;9550
20210222151300;064260;9550
20210222151200;064260;9500
20210222151100;064260;9500
20210222151000;064260;9490
20210222150900;064260;9400
20210222150800;064260;9420
20210222150700;064260;9370
20210222150600;064260;9370
20210222150500;064260;9370
20210222150400;064260;9340
20210222150300;064260;9350
20210222150200;064260;9380
20210222150000;064260;9120
20210222145900;064260;9020
20210222145800;064260;9040
20210222145700;064260;8970
20210222145600;064260;8880
20210222145500;064260;8860
20210222145400;064260;8860
20210222145300;064260;8940
20210222145200;064260;9000
20210222145100;064260;9010
20210222145000;064260;9000
20210222144900;064260;8950
20210222144800;064260;8840
20210222144700;064260;8910
20210222144600;064260;8920
20210222144500;064260;8950
20210222144400;064260;8970
20210222144300;064260;9060
20210222144200;064260;8990
20210222144100;064260;8890
20210222144000;064260;8590
20210222143900;064260;8580
20210222143800;064260;8460
20210222143700;064260;8440
20210222143600;064260;8400
20210222143500;064260;8390
20210222143400;064260;8420
20210222143300;064260;8460
20210222143200;064260;8410
20210222143100;064260;8410
20210222143000;064260;8440
20210222142900;064260;8380
20210222142800;064260;8380
20210222142700;064260;8360
20210222142600;064260;8380
20210222142500;064260;8350
20210222142400;064260;8390
20210222142300;064260;8460
20210222142200;064260;8450
20210222142100;064260;8500
20210222142000;064260;8530
20210222141900;064260;8540
20210222141800;064260;8450
20210222141700;064260;8440
20210222141600;064260;8380
20210222141500;064260;8380
20210222141400;064260;8370
20210222141300;064260;8360
20210222141200;064260;8350
20210222141100;064260;8400
20210222141000;064260;8400
20210222140900;064260;8390
20210222140800;064260;8360
20210222140700;064260;8370
20210222140600;064260;8340
20210222140500;064260;8320
20210222140400;064260;8310
20210222140300;064260;8350
20210222140200;064260;8370
20210222140100;064260;8340
20210222140000;064260;8370
20210222135900;064260;8290
20210222135800;064260;8290
20210222135700;064260;8290
20210222135600;064260;8300
20210222135500;064260;8310
20210222135400;064260;8330
20210222135300;064260;8280
20210222135200;064260;8330
20210222135100;064260;8280
20210222135000;064260;8350
20210222134900;064260;8350
20210222134800;064260;8330
20210222134700;064260;8370
20210222134600;064260;8380
20210222134500;064260;8400
20210222134400;064260;8350
20210222134300;064260;8380
20210222134200;064260;8360
20210222134100;064260;8320
20210222134000;064260;8360
20210222133900;064260;8400
20210222133800;064260;8400
20210222133700;064260;8370
20210222133600;064260;8460
20210222133500;064260;8440
20210222133400;064260;8430
20210222133300;064260;8420
20210222133200;064260;8520
20210222133100;064260;8510
20210222133000;064260;8560
20210222132900;064260;8560
20210222132800;064260;8560
20210222132700;064260;8570
20210222132600;064260;8580
20210222132500;064260;8580
20210222132400;064260;8580
20210222132300;064260;8600
20210222132200;064260;8540
20210222132100;064260;8560
20210222132000;064260;8550
20210222131900;064260;8480
20210222131800;064260;8530
20210222131700;064260;8530
20210222131600;064260;8560
20210222131500;064260;8560
20210222131400;064260;8590
20210222131300;064260;8570
20210222131200;064260;8550
20210222131100;064260;8500
20210222131000;064260;8580
20210222130900;064260;8570
20210222130800;064260;8560
20210222130700;064260;8590
20210222130600;064260;8600
20210222130500;064260;8630
20210222130400;064260;8600
20210222130300;064260;8650
