20210222;068270;315500
20210219;068270;318500
20210218;068270;314500
20210217;068270;321500
20210216;068270;325000
20210215;068270;333000
20210210;068270;332000
20210209;068270;328000
20210208;068270;336000
20210205;068270;341500
20210204;068270;341500
20210203;068270;347500
20210202;068270;355500
20210201;068270;371000
20210129;068270;324000
20210128;068270;334500
20210127;068270;329000
20210126;068270;322500
20210125;068270;321000
20210122;068270;310000
20210121;068270;312000
20210120;068270;311000
20210119;068270;312500
20210118;068270;314000
20210115;068270;329000
20210114;068270;352500
20210113;068270;381500
20210112;068270;384000
20210111;068270;374000
20210108;068270;367000
20210107;068270;357500
20210106;068270;353500
20210105;068270;354500
20210104;068270;347500
20201230;068270;359000
20201229;068270;360500
20201228;068270;327497
20201224;068270;341245
20201223;068270;348610
20201222;068270;352538
20201221;068270;360394
20201218;068270;349592
20201217;068270;345173
20201216;068270;347137
20201215;068270;353520
20201214;068270;351065
20201211;068270;354502
20201210;068270;353520
20201209;068270;347137
20201208;068270;343700
20201207;068270;396237
20201204;068270;373160
20201203;068270;344682
20201202;068270;340754
20201201;068270;337808
20201130;068270;333880
20201127;068270;327988
20201126;068270;323569
20201125;068270;324060
20201124;068270;296073
20201123;068270;295582
20201120;068270;291163
20201119;068270;288708
20201118;068270;285762
20201117;068270;280852
20201116;068270;283307
20201113;068270;284780
20201112;068270;286744
20201111;068270;291163
20201110;068270;271523
20201109;068270;279870
20201106;068270;272505
20201105;068270;267104
20201104;068270;265631
20201103;068270;254338
20201102;068270;240099
20201030;068270;236662
20201029;068270;248446
20201028;068270;238135
20201027;068270;234698
20201026;068270;233716
20201023;068270;233716
20201022;068270;233225
20201021;068270;239608
20201020;068270;241081
20201019;068270;250901
20201016;068270;251883
20201015;068270;250410
20201014;068270;257284
20201013;068270;265631
20201012;068270;268577
20201008;068270;257284
20201007;068270;255811
20201006;068270;253356
20201005;068270;249919
20200929;068270;252865
20200928;068270;250410
20200925;068270;253847
20200924;068270;245500
20200923;068270;261212
20200922;068270;263176
20200921;068270;273487
20200918;068270;286253
20200917;068270;286253
20200916;068270;291654
20200915;068270;290672
20200914;068270;290672
20200911;068270;293127
20200910;068270;293127
20200909;068270;293127
20200908;068270;312276
20200907;068270;299510
20200904;068270;288708
20200903;068270;294109
20200902;068270;295091
20200901;068270;292636
20200831;068270;291654
20200828;068270;299019
20200827;068270;299019
20200826;068270;304911
20200825;068270;300983
20200824;068270;304420
20200821;068270;295582
20200820;068270;299510
20200819;068270;298528
20200818;068270;298528
20200814;068270;299019
20200813;068270;302947
20200812;068270;296564
20200811;068270;308348
20200810;068270;309330
20200807;068270;308839
20200806;068270;305402
20200805;068270;309330
20200804;068270;296564
20200803;068270;293618
20200731;068270;291163
20200730;068270;294600
20200729;068270;296073
20200728;068270;311785
20200727;068270;311294
20200724;068270;313258
20200723;068270;316204
20200722;068270;315713
20200721;068270;315713
20200720;068270;317186
20200717;068270;322096
20200716;068270;309330
20200715;068270;310312
20200714;068270;318168
20200713;068270;323078
20200710;068270;318659
20200709;068270;318168
20200708;068270;305893
20200707;068270;302947
20200706;068270;300001
20200703;068270;303929
20200702;068270;302947
20200701;068270;292145
20200630;068270;300492
20200629;068270;305402
20200626;068270;306875
20200625;068270;310312
20200624;068270;313258
20200623;068270;312767
20200622;068270;291654
20200619;068270;286253
20200618;068270;282325
20200617;068270;284289
20200616;068270;288217
20200615;068270;269068
20200612;068270;292145
20200611;068270;282816
20200610;068270;263667
20200609;068270;258757
20200608;068270;251392
20200605;068270;251883
20200604;068270;242554
20200603;068270;223405
20200602;068270;220459
20200601;068270;223405
20200529;068270;209657
20200528;068270;207202
20200527;068270;209166
20200526;068270;210639
20200525;068270;211130
20200522;068270;212112
20200521;068270;214567
20200520;068270;214567
20200519;068270;209166
20200518;068270;209166
20200515;068270;213585
20200514;068270;213094
20200513;068270;211130
20200512;068270;207202
20200511;068270;206711
20200508;068270;206711
20200507;068270;200328
20200506;068270;203274
20200504;068270;199837
20200429;068270;206711
20200428;068270;205238
20200427;068270;208675
20200424;068270;207693
20200423;068270;210148
20200422;068270;210148
20200421;068270;208184
20200420;068270;208184
20200417;068270;207202
20200416;068270;211130
20200414;068270;212112
20200413;068270;211621
20200410;068270;205729
20200409;068270;206711
20200408;068270;203274
20200407;068270;206220
20200406;068270;205238
20200403;068270;192472
20200402;068270;191490
20200401;068270;194436
20200331;068270;224878
20200330;068270;181670
20200327;068270;180688
20200326;068270;178233
20200325;068270;179706
20200324;068270;180688
20200323;068270;171850
20200320;068270;149755
20200319;068270;137480
20200318;068270;154174
20200317;068270;164976
20200316;068270;162521
20200313;068270;167431
20200312;068270;169395
20200311;068270;171850
20200310;068270;177742
20200309;068270;170868
20200306;068270;174305
20200305;068270;178724
20200304;068270;171359
20200303;068270;169395
20200302;068270;171850
20200228;068270;166940
20200227;068270;167431
20200226;068270;169886
20200225;068270;169395
20200224;068270;165958
20200221;068270;173814
20200220;068270;175778
20200219;068270;178233
20200218;068270;181179
20200217;068270;182652
20200214;068270;177742
20200213;068270;175287
20200212;068270;170868
20200211;068270;170377
20200210;068270;169886
20200207;068270;168413
20200206;068270;169395
20200205;068270;161539
20200204;068270;164485
20200203;068270;163503
20200131;068270;162030
20200130;068270;163994
20200129;068270;167922
20200128;068270;167431
20200123;068270;172341
20200122;068270;173323
20200121;068270;169395
20200120;068270;169395
20200117;068270;171850
20200116;068270;177251
20200115;068270;173323
20200114;068270;174796
20200113;068270;176269
20200110;068270;174305
20200109;068270;173814
20200108;068270;169886
20200107;068270;174796
20200106;068270;169886
20200103;068270;174305
20200102;068270;176760
20191230;068270;177742
20191227;068270;180688
20191226;068270;177732
20191224;068270;173512
20191223;068270;174918
20191220;068270;170698
20191219;068270;169291
20191218;068270;166477
20191217;068270;167884
20191216;068270;159443
20191213;068270;161319
20191212;068270;160381
20191211;068270;154285
20191210;068270;156160
20191209;068270;157567
20191206;068270;159443
20191205;068270;158036
20191204;068270;160381
20191203;068270;163664
20191202;068270;164601
20191129;068270;163195
20191128;068270;167415
20191127;068270;172574
20191126;068270;168822
20191125;068270;169760
20191122;068270;164133
20191121;068270;166008
20191120;068270;173043
20191119;068270;172105
20191118;068270;174918
20191115;068270;174449
20191114;068270;174918
20191113;068270;169760
20191112;068270;173980
20191111;068270;174449
20191108;068270;176325
20191107;068270;179139
20191106;068270;184297
20191105;068270;185235
20191104;068270;186173
20191101;068270;186642
20191031;068270;187580
20191030;068270;191332
20191029;068270;192738
20191028;068270;188518
20191025;068270;184766
20191024;068270;184766
20191023;068270;184297
20191022;068270;179608
20191021;068270;170698
20191018;068270;170229
20191017;068270;176325
20191016;068270;175387
20191015;068270;172105
20191014;068270;171167
20191011;068270;170229
20191010;068270;169760
20191008;068270;169291
20191007;068270;167415
20191004;068270;162257
20191002;068270;161788
20191001;068270;162726
20190930;068270;153816
20190927;068270;155691
20190926;068270;156629
20190925;068270;156160
20190924;068270;158036
20190923;068270;160381
20190920;068270;164601
20190919;068270;158036
20190918;068270;162726
20190917;068270;160381
20190916;068270;159912
20190911;068270;158505
20190910;068270;154754
20190909;068270;155691
20190906;068270;155222
20190905;068270;153816
20190904;068270;157098
20190903;068270;150533
20190902;068270;146781
20190830;068270;147250
20190829;068270;147250
20190828;068270;146312
20190827;068270;135996
20190826;068270;132713
20190823;068270;142092
20190822;068270;143030
20190821;068270;146781
20190820;068270;145375
20190819;068270;143499
20190816;068270;144437
20190814;068270;143968
20190813;068270;143499
20190812;068270;145375
20190809;068270;145843
20190808;068270;144437
20190807;068270;139278
20190806;068270;137402
20190805;068270;136464
20190802;068270;153347
20190801;068270;159912
20190731;068270;159912
20190730;068270;166008
20190729;068270;167884
20190726;068270;173512
20190725;068270;166946
20190724;068270;168822
20190723;068270;170698
20190722;068270;173043
20190719;068270;173043
20190718;068270;169291
20190717;068270;173043
20190716;068270;176794
20190715;068270;172105
20190712;068270;176794
20190711;068270;179608
20190710;068270;177263
20190709;068270;180546
20190708;068270;193207
20190705;068270;195083
20190704;068270;190863
20190703;068270;193207
20190702;068270;192270
20190701;068270;195083
20190628;068270;192738
20190627;068270;191332
20190626;068270;197428
20190625;068270;195083
20190624;068270;195552
20190621;068270;199304
20190620;068270;200711
20190619;068270;198366
20190618;068270;195083
20190617;068270;192270
20190614;068270;188518
20190613;068270;194145
20190612;068270;191332
20190611;068270;189456
20190610;068270;186173
20190607;068270;184297
20190605;068270;183828
20190604;068270;183359
20190603;068270;181015
20190531;068270;178201
20190530;068270;174449
20190529;068270;173980
20190528;068270;174449
20190527;068270;163195
20190524;068270;169760
20190523;068270;169291
20190522;068270;173043
20190521;068270;169760
20190520;068270;176325
20190517;068270;183359
20190516;068270;184297
20190515;068270;183828
20190514;068270;183359
20190513;068270;182422
20190510;068270;188987
20190509;068270;196959
20190508;068270;192738
20190507;068270;192738
20190503;068270;191801
20190502;068270;194145
20190430;068270;198835
20190429;068270;202586
20190426;068270;198835
20190425;068270;198366
20190424;068270;204462
20190423;068270;207745
20190422;068270;206807
20190419;068270;204462
20190418;068270;190863
20190417;068270;195552
20190416;068270;195083
20190415;068270;190863
20190412;068270;196021
20190411;068270;197428
20190410;068270;192738
20190409;068270;191801
20190408;068270;183359
20190405;068270;180077
20190404;068270;180546
20190403;068270;181484
20190402;068270;178201
20190401;068270;170698
20190329;068270;169760
20190328;068270;169291
20190327;068270;171636
20190326;068270;180546
20190325;068270;185704
20190322;068270;187111
20190321;068270;188049
20190320;068270;188518
20190319;068270;190394
20190318;068270;188518
20190315;068270;190394
20190314;068270;193207
20190313;068270;194614
20190312;068270;196021
20190311;068270;192270
20190308;068270;193207
20190307;068270;194145
20190306;068270;197897
20190305;068270;196959
20190304;068270;194614
20190228;068270;191801
20190227;068270;189925
20190226;068270;191801
20190225;068270;191332
20190222;068270;194145
20190221;068270;194614
20190220;068270;200242
20190219;068270;201649
20190218;068270;198835
20190215;068270;196490
20190214;068270;196959
20190213;068270;198835
20190212;068270;199304
20190211;068270;202117
20190208;068270;201649
20190207;068270;200711
20190201;068270;201180
20190131;068270;205400
20190130;068270;201649
20190129;068270;197428
20190128;068270;197897
20190125;068270;195552
20190124;068270;195083
20190123;068270;187580
20190122;068270;187580
20190121;068270;185704
20190118;068270;188518
20190117;068270;183359
20190116;068270;189456
20190115;068270;194614
20190114;068270;197897
20190111;068270;203055
20190110;068270;203055
20190109;068270;200711
20190108;068270;200242
20190107;068270;202586
20190104;068270;206338
20190103;068270;197428
20190102;068270;201180
20181228;068270;208683
20181227;068270;209152
20181226;068270;210102
20181224;068270;193976
20181221;068270;202730
20181220;068270;206416
20181219;068270;207798
20181218;068270;201348
20181217;068270;197662
20181214;068270;191672
20181213;068270;200426
20181212;068270;208720
20181211;068270;202730
20181210;068270;225307
20181207;068270;226228
20181206;068270;217013
20181205;068270;223003
20181204;068270;224385
20181203;068270;221621
20181130;068270;220699
20181129;068270;218396
20181128;068270;217474
20181127;068270;219317
20181126;068270;221621
20181123;068270;203652
20181122;068270;205495
20181121;068270;207338
20181120;068270;209641
20181119;068270;211024
20181116;068270;206416
20181115;068270;201348
20181114;068270;191672
20181113;068270;184761
20181112;068270;186143
20181109;068270;211484
20181108;068270;219778
20181107;068270;215170
20181106;068270;222082
20181105;068270;221160
20181102;068270;217935
20181101;068270;209641
20181031;068270;200426
20181030;068270;207798
20181029;068270;200887
20181026;068270;210102
20181025;068270;217935
20181024;068270;207798
20181023;068270;227150
20181022;068270;247423
20181019;068270;251570
20181018;068270;240051
20181017;068270;244658
20181016;068270;241433
20181015;068270;240972
20181012;068270;252952
20181011;068270;250187
20181010;068270;264010
20181008;068270;267235
20181005;068270;266314
20181004;068270;267696
20181002;068270;265853
20181001;068270;269078
20180928;068270;273686
20180927;068270;277372
20180921;068270;278754
20180920;068270;273225
20180919;068270;281979
20180918;068270;276911
20180917;068270;278754
20180914;068270;268157
20180913;068270;270460
20180912;068270;262628
20180911;068270;252952
20180910;068270;252491
20180907;068270;257559
20180906;068270;255716
20180905;068270;252952
20180904;068270;258020
20180903;068270;246041
20180831;068270;248805
20180830;068270;245580
20180829;068270;248344
20180828;068270;247884
20180827;068270;256177
20180824;068270;257559
20180823;068270;252491
20180822;068270;247423
20180821;068270;247423
20180820;068270;240512
20180817;068270;242355
20180816;068270;238208
20180814;068270;240512
20180813;068270;240051
20180810;068270;250648
20180809;068270;254334
20180808;068270;254334
20180807;068270;252952
20180806;068270;252491
20180803;068270;258481
20180802;068270;259402
20180801;068270;258481
20180731;068270;250187
20180730;068270;237747
20180727;068270;236365
20180726;068270;234522
20180725;068270;231297
20180724;068270;244198
20180723;068270;246501
20180720;068270;263088
20180719;068270;265853
20180718;068270;267235
20180717;068270;272303
20180716;068270;270460
20180713;068270;265392
20180712;068270;265392
20180711;068270;254795
20180710;068270;258942
20180709;068270;261706
20180706;068270;266774
20180705;068270;259863
20180704;068270;268617
20180703;068270;279215
20180702;068270;279675
20180629;068270;279675
20180628;068270;274607
20180627;068270;278293
20180626;068270;277372
20180625;068270;272764
20180622;068270;272303
20180621;068270;269078
20180620;068270;273686
20180619;068270;264931
20180618;068270;281058
20180615;068270;275068
20180614;068270;258020
20180612;068270;251570
20180611;068270;246501
20180608;068270;248344
20180607;068270;249727
20180605;068270;246041
20180604;068270;245580
20180601;068270;252030
20180531;068270;244658
20180530;068270;248344
20180529;068270;249266
20180528;068270;249727
20180525;068270;253413
20180524;068270;243737
20180523;068270;237286
20180521;068270;248805
20180518;068270;248805
20180517;068270;246501
20180516;068270;247423
20180515;068270;246962
20180514;068270;234983
20180511;068270;239590
20180510;068270;238669
20180509;068270;238669
20180508;068270;217474
20180504;068270;230375
20180503;068270;241433
20180502;068270;238669
20180430;068270;249727
20180427;068270;254795
20180426;068270;236826
20180425;068270;231297
20180424;068270;228993
20180423;068270;230836
20180420;068270;247884
20180419;068270;245580
20180418;068270;262167
20180417;068270;267235
20180416;068270;272303
20180413;068270;267235
20180412;068270;275068
20180411;068270;274607
20180410;068270;279215
20180409;068270;281979
20180406;068270;269078
20180405;068270;271843
20180404;068270;270921
20180403;068270;275529
20180402;068270;280136
20180330;068270;285204
20180329;068270;292116
20180328;068270;266774
20180327;068270;273686
20180326;068270;276450
20180323;068270;276450
20180322;068270;286126
20180321;068270;287047
20180320;068270;297184
20180319;068270;293959
20180316;068270;298566
20180315;068270;297184
20180314;068270;282440
20180313;068270;286587
20180312;068270;296723
20180309;068270;300409
20180308;068270;326211
20180307;068270;299488
20180306;068270;340955
20180305;068270;344180
20180302;068270;342798
20180228;068270;325290
20180227;068270;323447
20180226;068270;300870
20180223;068270;293037
20180222;068270;283361
20180221;068270;283361
20180220;068270;280136
20180219;068270;291655
20180214;068270;287969
20180213;068270;270921
20180212;068270;278754
20180209;068270;265392
20180208;068270;250095
20180207;068270;235904
20180206;068270;261890
20180205;068270;263549
20180202;068270;277740
20180201;068270;276266
20180131;068270;290918
20180130;068270;300962
20180129;068270;302528
20180126;068270;276450
20180125;068270;266959
20180124;068270;270460
20180123;068270;275529
20180122;068270;258573
20180119;068270;265208
20180118;068270;294235
20180117;068270;288890
20180116;068270;320129
20180115;068270;322525
20180112;068270;314692
20180111;068270;282901
20180110;068270;272764
20180109;068270;269539
20180108;068270;278754
20180105;068270;245948
20180104;068270;230375
20180103;068270;227334
20180102;068270;208167
20171228;068270;203744
20171227;068270;202730
20171226;068270;176183
20171222;068270;182417
20171221;068270;178261
20171220;068270;181604
20171219;068270;185218
20171218;068270;188651
20171215;068270;190187
20171214;068270;189283
20171213;068270;189735
20171212;068270;185760
20171211;068270;185218
20171208;068270;177176
20171207;068270;175279
20171206;068270;181875
20171205;068270;185398
20171204;068270;189012
20171201;068270;191000
20171130;068270;180790
20171129;068270;185308
20171128;068270;185308
20171127;068270;192536
20171124;068270;194162
20171123;068270;199131
20171122;068270;194795
20171121;068270;201209
20171120;068270;195788
20171117;068270;197686
20171116;068270;197867
20171115;068270;188380
20171114;068270;174285
20171113;068270;171665
20171110;068270;159287
20171109;068270;154499
20171108;068270;156396
20171107;068270;150704
20171106;068270;158113
20171103;068270;159106
20171102;068270;155854
20171101;068270;155312
20171031;068270;156396
20171030;068270;151878
20171027;068270;158113
20171026;068270;155492
20171025;068270;163534
20171024;068270;172478
20171023;068270;161094
20171020;068270;160823
20171019;068270;158293
20171018;068270;173562
20171017;068270;173201
20171016;068270;158926
20171013;068270;152963
20171012;068270;140223
20171011;068270;131911
20171010;068270;130465
20170929;068270;128297
20170928;068270;130104
20170927;068270;134802
20170926;068270;128749
20170925;068270;132724
20170922;068270;129743
20170921;068270;131911
20170920;068270;132543
20170919;068270;126038
20170918;068270;125044
20170915;068270;115377
20170914;068270;107968
20170913;068270;105077
20170912;068270;104354
20170911;068270;103722
20170908;068270;103903
20170907;068270;105077
20170906;068270;104625
20170905;068270;101373
20170904;068270;101282
20170901;068270;103180
20170831;068270;103993
20170830;068270;104083
20170829;068270;104445
20170828;068270;103089
20170825;068270;102999
20170824;068270;103451
20170823;068270;103631
20170822;068270;105710
20170821;068270;99837
20170818;068270;98933
20170817;068270;99566
20170816;068270;98030
20170814;068270;94596
20170811;068270;93964
20170810;068270;97307
20170809;068270;97939
20170808;068270;98843
20170807;068270;97759
20170804;068270;92699
20170803;068270;92789
20170802;068270;96042
20170801;068270;96494
20170731;068270;98030
20170728;068270;98120
20170727;068270;100650
20170726;068270;102547
20170725;068270;100289
20170724;068270;103812
20170721;068270;103451
20170720;068270;103541
20170719;068270;103631
20170718;068270;99837
20170717;068270;100017
20170714;068270;98753
20170713;068270;97036
20170712;068270;97759
20170711;068270;101644
20170710;068270;102096
20170707;068270;102999
20170706;068270;102638
20170705;068270;100017
20170704;068270;102005
20170703;068270;104354
20170630;068270;103993
20170629;068270;102186
20170628;068270;102999
20170627;068270;103993
20170626;068270;102999
20170623;068270;102367
20170622;068270;102186
20170621;068270;103993
20170620;068270;103270
20170619;068270;98030
20170616;068270;94235
20170615;068270;92699
20170614;068270;92880
20170613;068270;90260
20170612;068270;90350
20170609;068270;91615
20170608;068270;90079
20170607;068270;89266
20170605;068270;88362
20170602;068270;86826
20170601;068270;85833
20170531;068270;86375
20170530;068270;86555
20170529;068270;84568
20170526;068270;84748
20170525;068270;84748
20170524;068270;85833
20170523;068270;84477
20170522;068270;84839
20170519;068270;85652
20170518;068270;84929
20170517;068270;85561
20170516;068270;85742
20170515;068270;86646
20170512;068270;86284
20170511;068270;86104
20170510;068270;87188
20170508;068270;85652
20170504;068270;81405
20170502;068270;80412
20170428;068270;80954
20170427;068270;80502
20170426;068270;81044
20170425;068270;80321
20170424;068270;80321
20170421;068270;81586
20170420;068270;82399
20170419;068270;82851
20170418;068270;82399
20170417;068270;82219
20170414;068270;80412
20170413;068270;80954
20170412;068270;81405
20170411;068270;81044
20170410;068270;80050
20170407;068270;81405
20170406;068270;81586
20170405;068270;81857
20170404;068270;81586
20170403;068270;80863
20170331;068270;81405
20170330;068270;81586
20170329;068270;81496
20170328;068270;82038
20170327;068270;82219
20170324;068270;81134
20170323;068270;79598
20170322;068270;80863
20170321;068270;81134
20170320;068270;82670
20170317;068270;83212
20170316;068270;87007
20170315;068270;85471
20170314;068270;88543
20170313;068270;88995
20170310;068270;89175
20170309;068270;89627
20170308;068270;90169
20170307;068270;90621
20170306;068270;90982
20170303;068270;91254
20170302;068270;91254
20170228;068270;91705
20170227;068270;91705
20170224;068270;90982
20170223;068270;91705
20170222;068270;91344
20170221;068270;91254
20170220;068270;91073
20170217;068270;91163
20170216;068270;91886
20170215;068270;91705
20170214;068270;90802
20170213;068270;91796
20170210;068270;91976
20170209;068270;90711
20170208;068270;91073
20170207;068270;90802
20170206;068270;91615
20170203;068270;91705
20170202;068270;90892
20170201;068270;90350
20170131;068270;90531
20170126;068270;90531
20170125;068270;90350
20170124;068270;89989
20170123;068270;90802
20170120;068270;90802
20170119;068270;90802
20170118;068270;91525
20170117;068270;91254
20170116;068270;92247
20170113;068270;92789
20170112;068270;92699
20170111;068270;93874
20170110;068270;93874
20170109;068270;93874
20170106;068270;95139
20170105;068270;96132
20170104;068270;95861
20170103;068270;96313
20170102;068270;97759
20161229;068270;97036
20161228;068270;96223
20161227;068270;91524
20161226;068270;91352
20161223;068270;89544
20161222;068270;88080
20161221;068270;88683
20161220;068270;90405
20161219;068270;92644
20161216;068270;92644
20161215;068270;91266
20161214;068270;90061
20161213;068270;89114
20161212;068270;86789
20161209;068270;86444
20161208;068270;84636
20161207;068270;84981
20161206;068270;86100
20161205;068270;86186
20161202;068270;85756
20161201;068270;87305
20161130;068270;88166
20161129;068270;88683
20161128;068270;88597
20161125;068270;89544
20161124;068270;88855
20161123;068270;88683
20161122;068270;88597
20161121;068270;88597
20161118;068270;89114
20161117;068270;89458
20161116;068270;90491
20161115;068270;88597
20161114;068270;89458
20161111;068270;90061
20161110;068270;91869
20161109;068270;87822
20161108;068270;92902
20161107;068270;93160
20161104;068270;92213
20161103;068270;92730
20161102;068270;91094
20161101;068270;91352
20161031;068270;91438
20161028;068270;89975
20161027;068270;92041
20161026;068270;90836
20161025;068270;89286
20161024;068270;89716
20161021;068270;91266
20161020;068270;90405
20161019;068270;92213
20161018;068270;92127
20161017;068270;86100
20161014;068270;88253
20161013;068270;87908
20161012;068270;87908
20161011;068270;88339
20161010;068270;91352
20161007;068270;91783
20161006;068270;91266
20161005;068270;91352
20161004;068270;93074
20160930;068270;91610
20160929;068270;92988
20160928;068270;93591
20160927;068270;94021
20160926;068270;94452
20160923;068270;94968
20160922;068270;94968
20160921;068270;94624
20160920;068270;94538
20160919;068270;92213
20160913;068270;93160
20160912;068270;92127
20160909;068270;93849
20160908;068270;93849
20160907;068270;95313
20160906;068270;96174
20160905;068270;94366
20160902;068270;93935
20160901;068270;94280
20160831;068270;91955
20160830;068270;91266
20160829;068270;91180
20160826;068270;94107
20160825;068270;94796
20160824;068270;95571
20160823;068270;94280
20160822;068270;95399
20160819;068270;98068
20160818;068270;97551
20160817;068270;98068
20160816;068270;96863
20160812;068270;97293
20160811;068270;97293
20160810;068270;96863
20160809;068270;92213
20160808;068270;91697
20160805;068270;89372
20160804;068270;89544
20160803;068270;87908
20160802;068270;88166
20160801;068270;87650
20160729;068270;89630
20160728;068270;88683
20160727;068270;87908
20160726;068270;89458
20160725;068270;89630
20160722;068270;89802
20160721;068270;91266
20160720;068270;87305
20160719;068270;86100
20160718;068270;85497
20160715;068270;86186
20160714;068270;86186
20160713;068270;86014
20160712;068270;85497
20160711;068270;86272
20160708;068270;86014
20160707;068270;86272
20160706;068270;85325
20160705;068270;88597
20160704;068270;85583
20160701;068270;85067
20160630;068270;82742
20160629;068270;81278
20160628;068270;81020
20160627;068270;79298
20160624;068270;78437
20160623;068270;81881
20160622;068270;82742
20160621;068270;81795
20160620;068270;81365
20160617;068270;80245
20160616;068270;81106
20160615;068270;81365
20160614;068270;81881
20160613;068270;82742
20160610;068270;84636
20160609;068270;84550
20160608;068270;82828
20160607;068270;83689
20160603;068270;83689
20160602;068270;84550
20160601;068270;84981
20160531;068270;85325
20160530;068270;83603
20160527;068270;83259
20160526;068270;82053
20160525;068270;85067
20160524;068270;80159
20160523;068270;81020
20160520;068270;80848
20160519;068270;79901
20160518;068270;77662
20160517;068270;81881
20160516;068270;85153
20160513;068270;86100
20160512;068270;86444
20160511;068270;86100
20160510;068270;86100
20160509;068270;84550
20160504;068270;85153
20160503;068270;85756
20160502;068270;85325
20160429;068270;86617
20160428;068270;86703
20160427;068270;87478
20160426;068270;89286
20160425;068270;87305
20160422;068270;87133
20160421;068270;88080
20160420;068270;89114
20160419;068270;91266
20160418;068270;90319
20160415;068270;93160
20160414;068270;94710
20160412;068270;92471
20160411;068270;92902
20160408;068270;95485
20160407;068270;98068
20160406;068270;94968
20160405;068270;102459
20160404;068270;101598
20160401;068270;98498
20160331;068270;94538
20160330;068270;94452
20160329;068270;94280
20160328;068270;90836
20160325;068270;91697
20160324;068270;91438
20160323;068270;92299
20160322;068270;92902
20160321;068270;92902
20160318;068270;93332
20160317;068270;92127
20160316;068270;92558
20160315;068270;90922
20160314;068270;91266
20160311;068270;90405
20160310;068270;91266
20160309;068270;87478
20160308;068270;88855
20160307;068270;88769
20160304;068270;93246
20160303;068270;94710
20160302;068270;92299
20160229;068270;86100
20160226;068270;86100
20160225;068270;85239
20160224;068270;86186
20160223;068270;86961
20160222;068270;88597
20160219;068270;87822
20160218;068270;90405
20160217;068270;85067
20160216;068270;89114
20160215;068270;86617
20160212;068270;86100
20160211;068270;97465
20160205;068270;102803
20160204;068270;103837
20160203;068270;103234
20160202;068270;102287
20160201;068270;103320
20160129;068270;96518
20160128;068270;95915
20160127;068270;93074
20160126;068270;96518
20160125;068270;97465
20160122;068270;97293
20160121;068270;100307
20160120;068270;100220
20160119;068270;98412
20160118;068270;100479
20160115;068270;85411
20160114;068270;89544
20160113;068270;90491
20160112;068270;84206
20160111;068270;85411
20160108;068270;83087
20160107;068270;78954
20160106;068270;78954
20160105;068270;77748
20160104;068270;76801
20151230;068270;72755
20151229;068270;72324
20151228;068270;64144
20151224;068270;65817
20151223;068270;67322
20151222;068270;68827
20151221;068270;69664
20151218;068270;69664
20151217;068270;67155
20151216;068270;66988
20151215;068270;66319
20151214;068270;65399
20151211;068270;65733
20151210;068270;67406
20151209;068270;67322
20151208;068270;67824
20151207;068270;70166
20151204;068270;72507
20151203;068270;73427
20151202;068270;72173
20151201;068270;73176
20151130;068270;72173
20151127;068270;73176
20151126;068270;73594
20151125;068270;73678
20151124;068270;75602
20151123;068270;75852
20151120;068270;76438
20151119;068270;75852
20151118;068270;74598
20151117;068270;72005
20151116;068270;68660
20151113;068270;69246
20151112;068270;68158
20151111;068270;66820
20151110;068270;63392
20151109;068270;64395
20151106;068270;63810
20151105;068270;63559
20151104;068270;63559
20151103;068270;63392
20151102;068270;63224
20151030;068270;64395
20151029;068270;64479
20151028;068270;66569
20151027;068270;63559
20151026;068270;65399
20151023;068270;65231
20151022;068270;62973
20151021;068270;64813
20151020;068270;64813
20151019;068270;64897
20151016;068270;61803
20151015;068270;59712
20151014;068270;59712
20151013;068270;60214
20151012;068270;57872
20151008;068270;58541
20151007;068270;58123
20151006;068270;58708
20151005;068270;58290
20151002;068270;58541
20151001;068270;56952
20150930;068270;56785
20150925;068270;58457
20150924;068270;58876
20150923;068270;58374
20150922;068270;59545
20150921;068270;60046
20150918;068270;60046
20150917;068270;57287
20150916;068270;59461
20150915;068270;59294
20150914;068270;58625
20150911;068270;59795
20150910;068270;58039
20150909;068270;58374
20150908;068270;54861
20150907;068270;56534
20150904;068270;56032
20150903;068270;57956
20150902;068270;59377
20150901;068270;58792
20150831;068270;59377
20150828;068270;60632
20150827;068270;59879
20150826;068270;59879
20150825;068270;58959
20150824;068270;51600
20150821;068270;54360
20150820;068270;58625
20150819;068270;61552
20150818;068270;64981
20150817;068270;66486
20150813;068270;67991
20150812;068270;67824
20150811;068270;67322
20150810;068270;70249
20150807;068270;68660
20150806;068270;70500
20150805;068270;69413
20150804;068270;67322
20150803;068270;64311
20150731;068270;65148
20150730;068270;63893
20150729;068270;63726
20150728;068270;65482
20150727;068270;66151
20150724;068270;68409
20150723;068270;67322
20150722;068270;68326
20150721;068270;67657
20150720;068270;68409
20150717;068270;69413
20150716;068270;69497
20150715;068270;69413
20150714;068270;65315
20150713;068270;65650
20150710;068270;63642
20150709;068270;64395
20150708;068270;64646
20150707;068270;67740
20150706;068270;65733
20150703;068270;67155
20150702;068270;69162
20150701;068270;68577
20150630;068270;65231
20150629;068270;65733
20150626;068270;66486
20150625;068270;68326
20150624;068270;69413
20150623;068270;69246
20150622;068270;70918
20150619;068270;66988
20150618;068270;66988
20150617;068270;66151
20150616;068270;60883
20150615;068270;62806
20150612;068270;62137
20150611;068270;62137
20150610;068270;62806
20150609;068270;65148
20150608;068270;66486
20150605;068270;60464
20150604;068270;56868
20150603;068270;54610
20150602;068270;58206
20150601;068270;59126
20150529;068270;57705
20150528;068270;59795
20150527;068270;59043
20150526;068270;59879
20150522;068270;64813
20150521;068270;65984
20150520;068270;66820
20150519;068270;67657
20150518;068270;68242
20150515;068270;69580
20150514;068270;68409
20150513;068270;68409
20150512;068270;67322
20150511;068270;68577
20150508;068270;69831
20150507;068270;69162
20150506;068270;70751
20150504;068270;71169
20150430;068270;71671
20150429;068270;71336
20150428;068270;72340
20150427;068270;68493
20150424;068270;68242
20150423;068270;67573
20150422;068270;71002
20150421;068270;71671
20150420;068270;71002
20150417;068270;73176
20150416;068270;73093
20150415;068270;77190
20150414;068270;76772
20150413;068270;72674
20150410;068270;63224
20150409;068270;61468
20150408;068270;62472
20150407;068270;63141
20150406;068270;60046
20150403;068270;60046
20150402;068270;59377
20150401;068270;58039
20150331;068270;58457
20150330;068270;57287
20150327;068270;58708
20150326;068270;58708
20150325;068270;63642
20150324;068270;55363
20150323;068270;55530
20150320;068270;56032
20150319;068270;56868
20150318;068270;54192
20150317;068270;56701
20150316;068270;57036
20150313;068270;55781
20150312;068270;55029
20150311;068270;54276
20150310;068270;54527
20150309;068270;56534
20150306;068270;58123
20150305;068270;53858
20150304;068270;55029
20150303;068270;54025
20150302;068270;52101
20150227;068270;54778
20150226;068270;55865
20150225;068270;56701
20150224;068270;60214
20150223;068270;61552
20150217;068270;54192
20150216;068270;55781
20150213;068270;48505
20150212;068270;42233
20150211;068270;41480
20150210;068270;40811
20150209;068270;41230
20150206;068270;39390
20150205;068270;35459
20150204;068270;35459
20150203;068270;35877
20150202;068270;34706
20150130;068270;34037
20150129;068270;33536
20150128;068270;33117
20150127;068270;33034
20150126;068270;33452
20150123;068270;33787
20150122;068270;32825
20150121;068270;33410
20150120;068270;33828
20150119;068270;34037
20150116;068270;33828
20150115;068270;34414
20150114;068270;33661
20150113;068270;33201
20150112;068270;32198
20150109;068270;32114
20150108;068270;31863
20150107;068270;31696
20150106;068270;31988
20150105;068270;32574
20150102;068270;32741
20141230;068270;32490
20141229;068270;32407
20141226;068270;31446
20141224;068270;31645
20141223;068270;31485
20141222;068270;31605
20141219;068270;30728
20141218;068270;30370
20141217;068270;30848
20141216;068270;31685
20141215;068270;30688
20141212;068270;30051
20141211;068270;30051
20141210;068270;30330
20141209;068270;31206
20141208;068270;31884
20141205;068270;32402
20141204;068270;32601
20141203;068270;31964
20141202;068270;32043
20141201;068270;32203
20141128;068270;31764
20141127;068270;31764
20141126;068270;31605
20141125;068270;31924
20141124;068270;32083
20141121;068270;32283
20141120;068270;32043
20141119;068270;32522
20141118;068270;31844
20141117;068270;32083
20141114;068270;33159
20141113;068270;33877
20141112;068270;34076
20141111;068270;34395
20141110;068270;34275
20141107;068270;34355
20141106;068270;33956
20141105;068270;34674
20141104;068270;33518
20141103;068270;33199
20141031;068270;33438
20141030;068270;33000
20141029;068270;33199
20141028;068270;32801
20141027;068270;32601
20141024;068270;32761
20141023;068270;33159
20141022;068270;33279
20141021;068270;33120
20141020;068270;33956
20141017;068270;33000
20141016;068270;33359
20141015;068270;33518
20141014;068270;34275
20141013;068270;32920
20141010;068270;33717
20141008;068270;34116
20141007;068270;34833
20141006;068270;38699
20141002;068270;38141
20141001;068270;38261
20140930;068270;39018
20140929;068270;36985
20140926;068270;37225
20140925;068270;37105
20140924;068270;37344
20140923;068270;36308
20140922;068270;34315
20140919;068270;35511
20140918;068270;35551
20140917;068270;35750
20140916;068270;35112
20140915;068270;35232
20140912;068270;36188
20140911;068270;34554
20140905;068270;34076
20140904;068270;34076
20140903;068270;32641
20140902;068270;32721
20140901;068270;32761
20140829;068270;33199
20140828;068270;33040
20140827;068270;33279
20140826;068270;32601
20140825;068270;32163
20140822;068270;32043
20140821;068270;32004
20140820;068270;32283
20140819;068270;32801
20140818;068270;33319
20140814;068270;33040
20140813;068270;32641
20140812;068270;31884
20140811;068270;32402
20140808;068270;31645
20140807;068270;32203
20140806;068270;33080
20140805;068270;35033
20140804;068270;32283
20140801;068270;31884
20140731;068270;31764
20140730;068270;32801
20140729;068270;33000
20140728;068270;33000
20140725;068270;33598
20140724;068270;33877
20140723;068270;34196
20140722;068270;33558
20140721;068270;33797
20140718;068270;33757
20140717;068270;34355
20140716;068270;34833
20140715;068270;34594
20140714;068270;34754
20140711;068270;34754
20140710;068270;35750
20140709;068270;35750
20140708;068270;35949
20140707;068270;36587
20140704;068270;37105
20140703;068270;35949
20140702;068270;37464
20140701;068270;37264
20140630;068270;37105
20140627;068270;36268
20140626;068270;35830
20140625;068270;35750
20140624;068270;35870
20140623;068270;35072
20140620;068270;35750
20140619;068270;36786
20140618;068270;37623
20140617;068270;37743
20140616;068270;37583
20140613;068270;37942
20140612;068270;37822
20140611;068270;37145
20140610;068270;37862
20140609;068270;36388
20140605;068270;36427
20140603;068270;36946
20140602;068270;37504
20140530;068270;38779
20140529;068270;38022
20140528;068270;37982
20140527;068270;38062
20140526;068270;38819
20140523;068270;39058
20140522;068270;38659
20140521;068270;39337
20140520;068270;38938
20140519;068270;39456
20140516;068270;40333
20140515;068270;40652
20140514;068270;38859
20140513;068270;38221
20140512;068270;38301
20140509;068270;37264
20140508;068270;36706
20140507;068270;37065
20140502;068270;37623
20140430;068270;38341
20140429;068270;38101
20140428;068270;37942
20140425;068270;38261
20140424;068270;38301
20140423;068270;37942
20140422;068270;38659
20140421;068270;39855
20140418;068270;40971
20140417;068270;39496
20140416;068270;39656
20140415;068270;40413
20140414;068270;41051
20140411;068270;39855
20140410;068270;39576
20140409;068270;39536
20140408;068270;39456
20140407;068270;40652
20140404;068270;39058
20140403;068270;38938
20140402;068270;36627
20140401;068270;35391
20140331;068270;35072
20140328;068270;34993
20140327;068270;35511
20140326;068270;36667
20140325;068270;32920
20140324;068270;32960
20140321;068270;33120
20140320;068270;32601
20140319;068270;33159
20140318;068270;33478
20140317;068270;33159
20140314;068270;33478
20140313;068270;34435
20140312;068270;34355
20140311;068270;37464
20140310;068270;36866
20140307;068270;36786
20140306;068270;36308
20140305;068270;36866
20140304;068270;36866
20140303;068270;39496
20140228;068270;38221
20140227;068270;37703
20140226;068270;37583
20140225;068270;37783
20140224;068270;37583
20140221;068270;37504
20140220;068270;37065
20140219;068270;38141
20140218;068270;35630
20140217;068270;33996
20140214;068270;34196
20140213;068270;34275
20140212;068270;33956
20140211;068270;33717
20140210;068270;34196
20140207;068270;33359
20140206;068270;33239
20140205;068270;32283
20140204;068270;34395
20140203;068270;34913
20140129;068270;35670
20140128;068270;34754
20140127;068270;34036
20140124;068270;35870
20140123;068270;36109
20140122;068270;35710
20140121;068270;35989
20140120;068270;35949
20140117;068270;36388
20140116;068270;36268
20140115;068270;36786
20140114;068270;35989
20140113;068270;37025
20140110;068270;36667
20140109;068270;36667
20140108;068270;37783
20140107;068270;34514
20140106;068270;32283
20140103;068270;32601
20140102;068270;30728
20131230;068270;30569
20131227;068270;30449
20131226;068270;29493
20131224;068270;29958
20131223;068270;29958
20131220;068270;29066
20131219;068270;28872
20131218;068270;29338
20131217;068270;29841
20131216;068270;28950
20131213;068270;30849
20131212;068270;31702
20131211;068270;31585
20131210;068270;31779
20131209;068270;31624
20131206;068270;31663
20131205;068270;32089
20131204;068270;32593
20131203;068270;32825
20131202;068270;33291
20131129;068270;33213
20131128;068270;32709
20131127;068270;32322
20131126;068270;32903
20131125;068270;32322
20131122;068270;31779
20131121;068270;32438
20131120;068270;32554
20131119;068270;33019
20131118;068270;33717
20131115;068270;33329
20131114;068270;33136
20131113;068270;32477
20131112;068270;33213
20131111;068270;31818
20131108;068270;31237
20131107;068270;31043
20131106;068270;32981
20131105;068270;34027
20131104;068270;34104
20131101;068270;34143
20131031;068270;35693
20131030;068270;36585
20131029;068270;36895
20131028;068270;36313
20131025;068270;36042
20131024;068270;36352
20131023;068270;36468
20131022;068270;36468
20131021;068270;36120
20131018;068270;36895
20131017;068270;37166
20131016;068270;37321
20131015;068270;35732
20131014;068270;36778
20131011;068270;34841
20131010;068270;34724
20131008;068270;35771
20131007;068270;33872
20131004;068270;34066
20131002;068270;34337
20131001;068270;35500
20130930;068270;36236
20130927;068270;35965
20130926;068270;36275
20130925;068270;35810
20130924;068270;35655
20130923;068270;36623
20130917;068270;36352
20130916;068270;37089
20130913;068270;39220
20130912;068270;39220
20130911;068270;40460
20130910;068270;40150
20130909;068270;37980
20130906;068270;37786
20130905;068270;38600
20130904;068270;38833
20130903;068270;38367
20130902;068270;39918
20130830;068270;34957
20130829;068270;41080
20130828;068270;44568
20130827;068270;46428
20130826;068270;47591
20130823;068270;47979
20130822;068270;46506
20130821;068270;47514
20130820;068270;48366
20130819;068270;49761
20130816;068270;47281
20130814;068270;46506
20130813;068270;47669
20130812;068270;46351
20130809;068270;46971
20130808;068270;48986
20130807;068270;50382
20130806;068270;50071
20130805;068270;47669
20130802;068270;44646
20130801;068270;43096
20130731;068270;50692
20130730;068270;44103
20130729;068270;42475
20130726;068270;40538
20130725;068270;40150
20130724;068270;39530
20130723;068270;39608
20130722;068270;39220
20130719;068270;39065
20130718;068270;38057
20130717;068270;38057
20130716;068270;36740
20130715;068270;34918
20130712;068270;36158
20130711;068270;35538
20130710;068270;35461
20130709;068270;34724
20130708;068270;37244
20130705;068270;37786
20130704;068270;37864
20130703;068270;40305
20130702;068270;40615
20130701;068270;37244
20130628;068270;32399
20130627;068270;30345
20130626;068270;30151
20130625;068270;28446
20130624;068270;28136
20130621;068270;27090
20130620;068270;26353
20130619;068270;25578
20130618;068270;26082
20130617;068270;25733
20130614;068270;25540
20130613;068270;25268
20130612;068270;25772
20130611;068270;26508
20130610;068270;27826
20130607;068270;27284
20130605;068270;28679
20130604;068270;29764
20130603;068270;28601
20130531;068270;29144
20130530;068270;29454
20130529;068270;27129
20130528;068270;26043
20130527;068270;25423
20130524;068270;24493
20130523;068270;24377
20130522;068270;24726
20130521;068270;24532
20130520;068270;24609
20130516;068270;24493
20130515;068270;23989
20130514;068270;22284
20130513;068270;22323
20130510;068270;22090
20130509;068270;21664
20130508;068270;23214
20130507;068270;24106
20130506;068270;24067
20130503;068270;23989
20130502;068270;23718
20130430;068270;24493
20130429;068270;25113
20130426;068270;25036
20130425;068270;25617
20130424;068270;26043
20130423;068270;22672
20130422;068270;20656
20130419;068270;24299
20130418;068270;28562
20130417;068270;33446
20130416;068270;38600
20130415;068270;36740
20130412;068270;36934
20130411;068270;36662
20130410;068270;38406
20130409;068270;38600
20130408;068270;39298
20130405;068270;39840
20130404;068270;40150
20130403;068270;40460
20130402;068270;40538
20130401;068270;41158
20130329;068270;41778
20130328;068270;41235
20130327;068270;40925
20130326;068270;41313
20130325;068270;41390
20130322;068270;43018
20130321;068270;41623
20130320;068270;41623
20130319;068270;41623
20130318;068270;41623
20130315;068270;41623
20130314;068270;41623
20130313;068270;41623
20130312;068270;41623
20130311;068270;41623
20130308;068270;41623
20130307;068270;41623
20130306;068270;41623
20130305;068270;41623
20130304;068270;41623
20130228;068270;41623
20130227;068270;43871
20130226;068270;43561
20130225;068270;43948
20130222;068270;43406
20130221;068270;41933
20130220;068270;41855
20130219;068270;42010
20130218;068270;42320
20130215;068270;41855
20130214;068270;42243
20130213;068270;42398
20130212;068270;42398
20130208;068270;42243
20130207;068270;41390
20130206;068270;41700
20130205;068270;41855
20130204;068270;42010
20130201;068270;39995
20130131;068270;39763
20130130;068270;39453
20130129;068270;39685
20130128;068270;38522
20130125;068270;38755
20130124;068270;39143
20130123;068270;39530
20130122;068270;39918
20130121;068270;40073
20130118;068270;40305
20130117;068270;40150
20130116;068270;40228
20130115;068270;39918
20130114;068270;40073
20130111;068270;40305
20130110;068270;39918
20130109;068270;39918
20130108;068270;40305
20130107;068270;40383
20130104;068270;40770
20130103;068270;40305
20130102;068270;40925
20121228;068270;40460
20121227;068270;40305
20121226;068270;38679
20121224;068270;39355
20121221;068270;39017
20121220;068270;39152
20121218;068270;38341
20121217;068270;38273
20121214;068270;39152
20121213;068270;38882
20121212;068270;38882
20121211;068270;36244
20121210;068270;36244
20121207;068270;36515
20121206;068270;35974
20121205;068270;36041
20121204;068270;35906
20121203;068270;35703
20121130;068270;35162
20121129;068270;34283
20121128;068270;34148
20121127;068270;34148
20121126;068270;34013
20121123;068270;34960
20121122;068270;34419
20121121;068270;35162
20121120;068270;35568
20121119;068270;35433
20121116;068270;35162
20121115;068270;34283
20121114;068270;34419
20121113;068270;34351
20121112;068270;35501
20121109;068270;36650
20121108;068270;36921
20121107;068270;36650
20121106;068270;36380
20121105;068270;35703
20121102;068270;35974
20121101;068270;36177
20121031;068270;36312
20121030;068270;35501
20121029;068270;34960
20121026;068270;36515
20121025;068270;37191
20121024;068270;37461
20121023;068270;38070
20121022;068270;38205
20121019;068270;38002
20121018;068270;33945
20121017;068270;35974
20121016;068270;36650
20121015;068270;36650
20121012;068270;37597
20121011;068270;37800
20121010;068270;37867
20121009;068270;37867
20121008;068270;37529
20121005;068270;37461
20121004;068270;38138
20121002;068270;38138
20120928;068270;37867
20120927;068270;38205
20120926;068270;38611
20120925;068270;39287
20120924;068270;39220
20120921;068270;39355
20120920;068270;38746
20120919;068270;38882
20120918;068270;39152
20120917;068270;39152
20120914;068270;39693
20120913;068270;39220
20120912;068270;38949
20120911;068270;39220
20120910;068270;39017
20120907;068270;40234
20120906;068270;40572
20120905;068270;40234
20120904;068270;40234
20120903;068270;40099
20120831;068270;40775
20120830;068270;41586
20120829;068270;41586
20120828;068270;41316
20120827;068270;41248
20120824;068270;41654
20120823;068270;41722
20120822;068270;40437
20120821;068270;38814
20120820;068270;38408
20120817;068270;38949
20120816;068270;39220
20120814;068270;38543
20120813;068270;38543
20120810;068270;38543
20120809;068270;37867
20120808;068270;37800
20120807;068270;38138
20120806;068270;38408
20120803;068270;38746
20120802;068270;38746
20120801;068270;38476
20120731;068270;38070
20120730;068270;37529
20120727;068270;37394
20120726;068270;36447
20120725;068270;38002
20120724;068270;40302
20120723;068270;41248
20120720;068270;40842
20120719;068270;40504
20120718;068270;39625
20120717;068270;39963
20120716;068270;39963
20120713;068270;40302
20120712;068270;40504
20120711;068270;40504
20120710;068270;39084
20120709;068270;39084
20120706;068270;39490
20120705;068270;40031
20120704;068270;40099
20120703;068270;40572
20120702;068270;40572
20120629;068270;40978
20120628;068270;40302
20120627;068270;38611
20120626;068270;40572
20120625;068270;41248
20120622;068270;41924
20120621;068270;42263
20120620;068270;42263
20120619;068270;41924
20120618;068270;42601
20120615;068270;42736
20120614;068270;42736
20120613;068270;43074
20120612;068270;43412
20120611;068270;42939
20120608;068270;43006
20120607;068270;45305
20120605;068270;44359
20120604;068270;44088
20120601;068270;45103
20120531;068270;45373
20120530;068270;43683
20120529;068270;44088
20120525;068270;40978
20120524;068270;37867
20120523;068270;37665
20120522;068270;39113
20120521;068270;39113
20120518;068270;38977
20120517;068270;39566
20120516;068270;38706
20120515;068270;39204
20120514;068270;42146
20120511;068270;39385
20120510;068270;34269
20120509;068270;35311
20120508;068270;33590
20120507;068270;32051
20120504;068270;31734
20120503;068270;30648
20120502;068270;30286
20120430;068270;28837
20120427;068270;29109
20120426;068270;28792
20120425;068270;28973
20120424;068270;30059
20120423;068270;31689
20120420;068270;31780
20120419;068270;31689
20120418;068270;32413
20120417;068270;32594
20120416;068270;32640
20120413;068270;32549
20120412;068270;32096
20120410;068270;32232
20120409;068270;32504
20120406;068270;32504
20120405;068270;32685
20120404;068270;32594
20120403;068270;33455
20120402;068270;33364
20120330;068270;33455
20120329;068270;33047
20120328;068270;32594
20120327;068270;33319
20120326;068270;32640
20120323;068270;32685
20120322;068270;32594
20120321;068270;32594
20120320;068270;33002
20120319;068270;34450
20120316;068270;34134
20120315;068270;34450
20120314;068270;34269
20120313;068270;33953
20120312;068270;33907
20120309;068270;32368
20120308;068270;32142
20120307;068270;31961
20120306;068270;31644
20120305;068270;31734
20120302;068270;31327
20120229;068270;31689
20120228;068270;31915
20120227;068270;32504
20120224;068270;33273
20120223;068270;32911
20120222;068270;33500
20120221;068270;33590
20120220;068270;33002
20120217;068270;33364
20120216;068270;33228
20120215;068270;32278
20120214;068270;32232
20120213;068270;32323
20120210;068270;32459
20120209;068270;32096
20120208;068270;31915
20120207;068270;31780
20120206;068270;32187
20120203;068270;33636
20120202;068270;34088
20120201;068270;34224
20120131;068270;33998
20120130;068270;33409
20120127;068270;34632
20120126;068270;34813
20120125;068270;34224
20120120;068270;33681
20120119;068270;33409
20120118;068270;33681
20120117;068270;32775
20120116;068270;32821
20120113;068270;33228
20120112;068270;31010
20120111;068270;30784
20120110;068270;31327
20120109;068270;31372
20120106;068270;31236
20120105;068270;31961
20120104;068270;32368
20120103;068270;32368
20120102;068270;32368
20111229;068270;32866
20111228;068270;32278
20111227;068270;30784
20111226;068270;31825
20111223;068270;32051
20111222;068270;32594
20111221;068270;32685
20111220;068270;31870
20111219;068270;31417
20111216;068270;33228
20111215;068270;32866
20111214;068270;33953
20111213;068270;34043
20111212;068270;34767
20111209;068270;34450
20111208;068270;33726
20111207;068270;33636
20111206;068270;34315
20111205;068270;34767
20111202;068270;33771
20111201;068270;33726
20111130;068270;32957
20111129;068270;31055
20111128;068270;31372
20111125;068270;29290
20111124;068270;29788
20111123;068270;32278
20111122;068270;34134
20111121;068270;34677
20111118;068270;33636
20111117;068270;34088
20111116;068270;33998
20111115;068270;35130
20111114;068270;33726
20111111;068270;34134
20111110;068270;33092
20111109;068270;35854
20111108;068270;36216
20111107;068270;35718
20111104;068270;34586
20111103;068270;34179
20111102;068270;33907
20111101;068270;33726
20111031;068270;34134
20111028;068270;33228
20111027;068270;35130
20111026;068270;35582
20111025;068270;35220
20111024;068270;34586
20111021;068270;31961
20111020;068270;35854
20111019;068270;37484
20111018;068270;37484
20111017;068270;37574
20111014;068270;37121
20111013;068270;40924
20111012;068270;42373
20111011;068270;42282
20111010;068270;42327
20111007;068270;42237
20111006;068270;41513
20111005;068270;39521
20111004;068270;40290
20110930;068270;39973
20110929;068270;39973
20110928;068270;39792
20110927;068270;39113
20110926;068270;36171
20110923;068270;38027
20110922;068270;39204
20110921;068270;39385
20110920;068270;38842
20110919;068270;38525
20110916;068270;39204
20110915;068270;38027
20110914;068270;37755
20110909;068270;39928
20110908;068270;40834
20110907;068270;40743
20110906;068270;39385
20110905;068270;41286
20110902;068270;42599
20110901;068270;41648
20110831;068270;42101
20110830;068270;41829
20110829;068270;42192
20110826;068270;42101
20110825;068270;41784
20110824;068270;42554
20110823;068270;43867
20110822;068270;39702
20110819;068270;38208
20110818;068270;42101
20110817;068270;42327
20110816;068270;41920
20110812;068270;39973
20110811;068270;39883
20110810;068270;37574
20110809;068270;36216
20110808;068270;38298
20110805;068270;40607
20110804;068270;42418
20110803;068270;43142
20110802;068270;43142
20110801;068270;43867
20110729;068270;43459
20110728;068270;43776
20110727;068270;43233
20110726;068270;44817
20110725;068270;44908
20110722;068270;43188
20110721;068270;41286
20110720;068270;43188
20110719;068270;42690
20110718;068270;42192
20110715;068270;42146
20110714;068270;41739
20110713;068270;41150
20110712;068270;39747
20110711;068270;39068
20110708;068270;38932
20110707;068270;38932
20110706;068270;38072
20110705;068270;38027
20110704;068270;38253
20110701;068270;39249
20110630;068270;40019
20110629;068270;39521
20110628;068270;38480
20110627;068270;37936
20110624;068270;38027
20110623;068270;36307
20110622;068270;36940
20110621;068270;36940
20110620;068270;36759
20110617;068270;36216
20110616;068270;35175
20110615;068270;35039
20110614;068270;34360
20110613;068270;33862
20110610;068270;33047
20110609;068270;33681
20110608;068270;33500
20110607;068270;32368
20110603;068270;32775
20110602;068270;32594
20110601;068270;32594
20110531;068270;33138
20110530;068270;32504
20110527;068270;31644
20110526;068270;30965
20110525;068270;30738
20110524;068270;29607
20110523;068270;29244
20110520;068270;29969
20110519;068270;30059
20110518;068270;30965
20110517;068270;30648
20110516;068270;30150
20110513;068270;30512
20110512;068270;30784
20110511;068270;30738
20110509;068270;31010
20110506;068270;31463
20110504;068270;31010
20110503;068270;31553
20110502;068270;33273
20110429;068270;33228
20110428;068270;32142
20110427;068270;32323
20110426;068270;32685
20110425;068270;33364
20110422;068270;33273
20110421;068270;33726
20110420;068270;33364
20110419;068270;33319
20110418;068270;31644
20110415;068270;31417
20110414;068270;30874
20110413;068270;31100
20110412;068270;29923
20110411;068270;30784
20110408;068270;31100
20110407;068270;31598
20110406;068270;31372
20110405;068270;32368
20110404;068270;32142
20110401;068270;31598
20110331;068270;31508
20110330;068270;31236
20110329;068270;29516
20110328;068270;29335
20110325;068270;29833
20110324;068270;29969
20110323;068270;29561
20110322;068270;29244
20110321;068270;29290
20110318;068270;28973
20110317;068270;28882
20110316;068270;28837
20110315;068270;28339
20110314;068270;28837
20110311;068270;29652
20110310;068270;30286
20110309;068270;30331
20110308;068270;31236
20110307;068270;31327
20110304;068270;30150
20110303;068270;28792
20110302;068270;28520
20110228;068270;29018
20110225;068270;29063
20110224;068270;28384
20110223;068270;28565
20110222;068270;28294
20110221;068270;29063
20110218;068270;29380
20110217;068270;28339
20110216;068270;29742
20110215;068270;30512
20110214;068270;31010
20110211;068270;29969
20110210;068270;29969
20110209;068270;31553
20110208;068270;32821
20110207;068270;32685
20110201;068270;32730
20110131;068270;32504
20110128;068270;32232
20110127;068270;31689
20110126;068270;31598
20110125;068270;31463
20110124;068270;32096
20110121;068270;31915
20110120;068270;32866
20110119;068270;33138
20110118;068270;31870
20110117;068270;34405
20110114;068270;30874
20110113;068270;31327
20110112;068270;31689
20110111;068270;31372
20110110;068270;30965
20110107;068270;30965
20110106;068270;30874
20110105;068270;30150
20110104;068270;29878
20110103;068270;30376
20101230;068270;30331
20101229;068270;28656
20101228;068270;28067
20101227;068270;28701
20101224;068270;29969
20101223;068270;30467
20101222;068270;31010
20101221;068270;31055
20101220;068270;30059
20101217;068270;30919
20101216;068270;31508
20101215;068270;31780
20101214;068270;31417
20101213;068270;31553
20101210;068270;31372
20101209;068270;31780
20101208;068270;31689
20101207;068270;31508
20101206;068270;30421
20101203;068270;30421
20101202;068270;30512
20101201;068270;29697
20101130;068270;29290
20101129;068270;28973
20101126;068270;27524
20101125;068270;27524
20101124;068270;27524
20101123;068270;27117
20101122;068270;27524
20101119;068270;29516
20101118;068270;28430
20101117;068270;28430
20101116;068270;28430
20101115;068270;27026
20101112;068270;26302
20101111;068270;26030
20101110;068270;26800
20101109;068270;26030
20101108;068270;26076
20101105;068270;26121
20101104;068270;26211
20101103;068270;24038
20101102;068270;23133
20101101;068270;22907
20101029;068270;22544
20101028;068270;22454
20101027;068270;21367
20101026;068270;20824
20101025;068270;20779
20101022;068270;20824
20101021;068270;20236
20101020;068270;20417
20101019;068270;20281
20101018;068270;20643
20101015;068270;20326
20101014;068270;20326
20101013;068270;20598
20101012;068270;20553
20101011;068270;20462
20101008;068270;21096
20101007;068270;20869
20101006;068270;20734
20101005;068270;20417
20101004;068270;20372
20101001;068270;20009
20100930;068270;20236
20100929;068270;19511
20100928;068270;20009
20100927;068270;19919
20100924;068270;18832
20100920;068270;18651
20100917;068270;18832
20100916;068270;18832
20100915;068270;19013
20100914;068270;19376
20100913;068270;19013
20100910;068270;19466
20100909;068270;19647
20100908;068270;19602
20100907;068270;19330
20100906;068270;19874
20100903;068270;19647
20100902;068270;19240
20100901;068270;18878
20100831;068270;18697
20100830;068270;18334
20100827;068270;18561
20100826;068270;18470
20100825;068270;17927
20100824;068270;17565
20100823;068270;17429
20100820;068270;18108
20100819;068270;18199
20100818;068270;18063
20100817;068270;18108
20100816;068270;17791
20100813;068270;18334
20100812;068270;17972
20100811;068270;18561
20100810;068270;18289
20100809;068270;18651
20100806;068270;18651
20100805;068270;18334
20100804;068270;17655
20100803;068270;17474
20100802;068270;17384
20100730;068270;17429
20100729;068270;17610
20100728;068270;17519
20100727;068270;17384
20100726;068270;17610
20100723;068270;16976
20100722;068270;17022
20100721;068270;18017
20100720;068270;17972
20100719;068270;18108
20100716;068270;18742
20100715;068270;18561
20100714;068270;18606
20100713;068270;18878
20100712;068270;18470
20100709;068270;18787
20100708;068270;18606
20100707;068270;18470
20100706;068270;18742
20100705;068270;18787
20100702;068270;18697
20100701;068270;18697
20100630;068270;18742
20100629;068270;18425
20100628;068270;19059
20100625;068270;19647
20100624;068270;19783
20100623;068270;19738
20100622;068270;19783
20100621;068270;19783
20100618;068270;19059
20100617;068270;19194
20100616;068270;19013
20100615;068270;19104
20100614;068270;19059
20100611;068270;18832
20100610;068270;18561
20100609;068270;18334
20100608;068270;18063
20100607;068270;17655
20100604;068270;18380
20100603;068270;18651
20100601;068270;18923
20100531;068270;19285
20100528;068270;18923
20100527;068270;18108
20100526;068270;17746
20100525;068270;17384
20100524;068270;18651
20100520;068270;18561
20100519;068270;19964
20100518;068270;19738
20100517;068270;19466
20100514;068270;20055
20100513;068270;19919
20100512;068270;18651
20100511;068270;19511
20100510;068270;20236
20100507;068270;20417
20100506;068270;19557
20100504;068270;19602
20100503;068270;19194
20100430;068270;19602
20100429;068270;19874
20100428;068270;19828
20100427;068270;19466
20100426;068270;18108
20100423;068270;18063
20100422;068270;18063
20100421;068270;17112
20100420;068270;17112
20100419;068270;17067
20100416;068270;17384
20100415;068270;17338
20100414;068270;17565
20100413;068270;17248
20100412;068270;16886
20100409;068270;17067
20100408;068270;17384
20100407;068270;17112
20100406;068270;16976
20100405;068270;16976
20100402;068270;17655
20100401;068270;18017
20100331;068270;17972
20100330;068270;18108
20100329;068270;18108
20100326;068270;17746
20100325;068270;17338
20100324;068270;17474
20100323;068270;17746
20100322;068270;17610
20100319;068270;17112
20100318;068270;17157
20100317;068270;17384
20100316;068270;17338
20100315;068270;17112
20100312;068270;17022
20100311;068270;17203
20100310;068270;17338
20100309;068270;17067
20100308;068270;17112
20100305;068270;17022
20100304;068270;16614
20100303;068270;16297
20100302;068270;16342
20100226;068270;16207
20100225;068270;15935
20100224;068270;16071
20100223;068270;16026
20100222;068270;16161
20100219;068270;16116
20100218;068270;16026
20100217;068270;16297
20100216;068270;15799
20100212;068270;15845
20100211;068270;15709
20100210;068270;15618
20100209;068270;15663
20100208;068270;15392
20100205;068270;15573
20100204;068270;16071
20100203;068270;15845
20100202;068270;15120
20100201;068270;14170
20100129;068270;14441
20100128;068270;14849
20100127;068270;14713
20100126;068270;14532
20100125;068270;15030
20100122;068270;15392
20100121;068270;15663
20100120;068270;15392
20100119;068270;15573
20100118;068270;15347
20100115;068270;15528
20100114;068270;14079
20100113;068270;13943
20100112;068270;14260
20100111;068270;14441
20100108;068270;14486
20100107;068270;14305
20100106;068270;14622
20100105;068270;14305
20100104;068270;14124
20091230;068270;13581
20091229;068270;13490
20091228;068270;13219
20091224;068270;13717
20091223;068270;13807
20091222;068270;13853
20091221;068270;13807
20091218;068270;13807
20091217;068270;13943
20091216;068270;14034
20091215;068270;13626
20091214;068270;13536
20091211;068270;13355
20091210;068270;13083
20091209;068270;12857
20091208;068270;12766
20091207;068270;12630
20091204;068270;12585
20091203;068270;12495
20091202;068270;12178
20091201;068270;12178
20091130;068270;12313
20091127;068270;12178
20091126;068270;12721
20091125;068270;12766
20091124;068270;12811
20091123;068270;12947
20091120;068270;13174
20091119;068270;13128
20091118;068270;12585
20091117;068270;12676
20091116;068270;12947
20091113;068270;13355
20091112;068270;13445
20091111;068270;13445
20091110;068270;13355
20091109;068270;13083
20091106;068270;12992
20091105;068270;12947
20091104;068270;13128
20091103;068270;12992
20091102;068270;12902
20091030;068270;13174
20091029;068270;12947
20091028;068270;13581
20091027;068270;13898
20091026;068270;13626
20091023;068270;13762
20091022;068270;13988
20091021;068270;14170
20091020;068270;14396
20091019;068270;13672
20091016;068270;13853
20091015;068270;13762
20091014;068270;13943
20091013;068270;13807
20091012;068270;14124
20091009;068270;14034
20091008;068270;14170
20091007;068270;13717
20091006;068270;13128
20091005;068270;13309
20091001;068270;13128
20090930;068270;14034
20090929;068270;13807
20090928;068270;13988
20090925;068270;14532
20090924;068270;14667
20090923;068270;14984
20090922;068270;14984
20090921;068270;15120
20090918;068270;15392
20090917;068270;15030
20090916;068270;15392
20090915;068270;15347
20090914;068270;14894
20090911;068270;14622
20090910;068270;14803
20090909;068270;14849
20090908;068270;15030
20090907;068270;14667
20090904;068270;14849
20090903;068270;14894
20090902;068270;14939
20090901;068270;15165
20090831;068270;15256
20090828;068270;15845
20090827;068270;15663
20090826;068270;15845
20090825;068270;15030
20090824;068270;15528
20090821;068270;15573
20090820;068270;15211
20090819;068270;14894
20090818;068270;15120
20090817;068270;15392
20090814;068270;15845
20090813;068270;16388
20090812;068270;16116
20090811;068270;15980
20090810;068270;15663
20090807;068270;15392
20090806;068270;15392
20090805;068270;15528
20090804;068270;15663
20090803;068270;15573
20090731;068270;15347
20090730;068270;15437
20090729;068270;15030
20090728;068270;15165
20090727;068270;15392
20090724;068270;15437
20090723;068270;14984
20090722;068270;15256
20090721;068270;15845
20090720;068270;15165
20090717;068270;15120
20090716;068270;14622
20090715;068270;15301
20090714;068270;15165
20090713;068270;14939
20090710;068270;15211
20090709;068270;15799
20090708;068270;16297
20090707;068270;16931
20090706;068270;16252
20090703;068270;15845
20090702;068270;15437
20090701;068270;15437
20090630;068270;15211
20090629;068270;14667
20090626;068270;15482
20090625;068270;15347
20090624;068270;15347
20090623;068270;15709
20090622;068270;16161
20090619;068270;16071
20090618;068270;15890
20090617;068270;15845
20090616;068270;16297
20090615;068270;16524
20090612;068270;16976
20090611;068270;17067
20090610;068270;16705
20090609;068270;16705
20090608;068270;16614
20090605;068270;17203
20090604;068270;16795
20090603;068270;17791
20090602;068270;17112
20090601;068270;17338
20090529;068270;17022
20090528;068270;16116
20090527;068270;16071
20090526;068270;15754
20090525;068270;16297
20090522;068270;16840
20090521;068270;16569
20090520;068270;16207
20090519;068270;14713
20090518;068270;14803
20090515;068270;14622
20090514;068270;15030
20090513;068270;13898
20090512;068270;14215
20090511;068270;14396
20090508;068270;14260
20090507;068270;14351
20090506;068270;14577
20090504;068270;14124
20090430;068270;13988
20090429;068270;14441
20090428;068270;13943
20090427;068270;15392
20090424;068270;14849
20090423;068270;14396
20090422;068270;14667
20090421;068270;14532
20090420;068270;14622
20090417;068270;14215
20090416;068270;14939
20090415;068270;15709
20090414;068270;15165
20090413;068270;15573
20090410;068270;15075
20090409;068270;15528
20090408;068270;15301
20090407;068270;15618
20090406;068270;16116
20090403;068270;15165
20090402;068270;14894
20090401;068270;14894
20090331;068270;14577
20090330;068270;14758
20090327;068270;14215
20090326;068270;13988
20090325;068270;13988
20090324;068270;13853
20090323;068270;12992
20090320;068270;12630
20090319;068270;12449
20090318;068270;13128
20090317;068270;12947
20090316;068270;12495
20090313;068270;13219
20090312;068270;13174
20090311;068270;13038
20090310;068270;12766
20090309;068270;14215
20090306;068270;13128
20090305;068270;12404
20090304;068270;12495
20090303;068270;11136
20090302;068270;11001
20090227;068270;10910
20090226;068270;11408
20090225;068270;12087
20090224;068270;14170
20090223;068270;13898
20090220;068270;13490
20090219;068270;13490
20090218;068270;13762
20090217;068270;11997
20090216;068270;12359
20090213;068270;11318
20090212;068270;10276
20090211;068270;9778
20090210;068270;10140
20090209;068270;10095
20090206;068270;10186
20090205;068270;10412
20090204;068270;10684
20090203;068270;10322
20090202;068270;10457
20090130;068270;10140
20090129;068270;10186
20090128;068270;9733
20090123;068270;9326
20090122;068270;9914
20090121;068270;9914
20090120;068270;10186
20090119;068270;10548
20090116;068270;10322
20090115;068270;9733
20090114;068270;10095
20090113;068270;10095
20090112;068270;9778
20090109;068270;10412
20090108;068270;10593
20090107;068270;10412
20090106;068270;9824
20090105;068270;9280
20090102;068270;9145
20081230;068270;8963
20081229;068270;9190
20081226;068270;9036
20081224;068270;9145
20081223;068270;9326
20081222;068270;8954
20081219;068270;7786
20081218;068270;7732
20081217;068270;7651
20081216;068270;7832
20081215;068270;7786
20081212;068270;7243
20081211;068270;7008
20081210;068270;7153
20081209;068270;6881
20081208;068270;6609
20081205;068270;6012
20081204;068270;5948
20081203;068270;6166
20081202;068270;5903
20081201;068270;6003
20081128;068270;6075
20081127;068270;6175
20081126;068270;6075
20081125;068270;5722
20081124;068270;5523
20081121;068270;5849
20081120;068270;5704
20081119;068270;6229
20081118;068270;6111
20081117;068270;5958
20081114;068270;6093
20081113;068270;5822
20081112;068270;6356
20081111;068270;6474
20081110;068270;6899
20081107;068270;6528
20081106;068270;6184
20081105;068270;7044
20081104;068270;6727
20081103;068270;5985
20081031;068270;5469
20081030;068270;5523
20081029;068270;4835
20081028;068270;5686
20081027;068270;5704
20081024;068270;5659
20081023;068270;6655
20081022;068270;6700
20081021;068270;6609
20081020;068270;6727
20081017;068270;6754
20081016;068270;6791
20081015;068270;7107
20081014;068270;7252
20081013;068270;7234
20081010;068270;6745
20081009;068270;6935
20081008;068270;6609
20081007;068270;5749
20081006;068270;5994
20081002;068270;6990
20081001;068270;7243
20080930;068270;7560
20080929;068270;7298
20080926;068270;7116
20080925;068270;7370
20080924;068270;7832
20080923;068270;9190
20080922;068270;10322
20080919;068270;10729
20080918;068270;10412
20080917;068270;10638
20080916;068270;10231
20080912;068270;11136
20080911;068270;11136
20080910;068270;11272
20080909;068270;11136
20080908;068270;11001
20080905;068270;10593
20080904;068270;10593
20080903;068270;10140
20080902;068270;9688
20080901;068270;9959
20080829;068270;11091
20080828;068270;11272
20080827;068270;11227
20080826;068270;11046
20080825;068270;10774
20080822;068270;11272
20080821;068270;10050
20080820;068270;10729
20080819;068270;11227
20080818;068270;10865
20080814;068270;11951
20080813;068270;12042
20080812;068270;11318
20080811;068270;11001
20080808;068270;10865
20080807;068270;10865
20080806;068270;11001
20080805;068270;10684
20080804;068270;10820
20080801;068270;10865
20080731;068270;11046
20080730;068270;11363
20080729;068270;11453
20080728;068270;11453
20080725;068270;11318
20080724;068270;11453
20080723;068270;11136
20080722;068270;10865
20080721;068270;11227
20080718;068270;10548
20080717;068270;11408
20080716;068270;12178
20080715;068270;11589
20080714;068270;11861
20080711;068270;11680
20080710;068270;11544
20080709;068270;11589
20080708;068270;11091
20080707;068270;11770
20080704;068270;12495
20080703;068270;12449
20080702;068270;12404
20080701;068270;12811
20080630;068270;13626
20080627;068270;14622
20080626;068270;15030
20080625;068270;13083
20080624;068270;12857
20080623;068270;13898
20080620;068270;13128
20080619;068270;12676
20080618;068270;13264
20080617;068270;13853
20080616;068270;15120
20080613;068270;15392
20080612;068270;13762
20080611;068270;15392
20080610;068270;13400
20080609;068270;13626
20080605;068270;11861
20080604;068270;10322
20080603;068270;8991
20080602;068270;7823
20080530;068270;6809
20080529;068270;5921
20080528;068270;5152
20080527;068270;4482
20080526;068270;3898
20080523;068270;3898
20080522;068270;3898
20080521;068270;3898
20080520;068270;3391
20080519;068270;2952
20080516;068270;2879
20080515;068270;2707
20080514;068270;2671
20080513;068270;2734
20080509;068270;2535
20080508;068270;2426
20080507;068270;2445
20080506;068270;2535
20080502;068270;2463
20080430;068270;2517
20080429;068270;2436
20080428;068270;2458
20080425;068270;2535
20080424;068270;2535
20080423;068270;2589
20080422;068270;2571
20080421;068270;2571
20080418;068270;2445
20080417;068270;2436
20080416;068270;2436
20080415;068270;2422
20080414;068270;2340
20080411;068270;2363
20080410;068270;2395
20080408;068270;2331
20080407;068270;2386
20080404;068270;2336
20080403;068270;2322
20080402;068270;2300
20080401;068270;2309
20080331;068270;2273
20080328;068270;2282
20080327;068270;2282
20080326;068270;2300
20080325;068270;2309
20080324;068270;2309
20080321;068270;2309
20080320;068270;2286
20080319;068270;2327
20080318;068270;2277
20080317;068270;2309
20080314;068270;2363
20080313;068270;2404
20080312;068270;2445
20080311;068270;2436
20080310;068270;2440
20080307;068270;2449
20080306;068270;2512
20080305;068270;2608
20080304;068270;2580
20080303;068270;2481
20080229;068270;2485
20080228;068270;2499
20080227;068270;2300
20080226;068270;2282
20080225;068270;2236
20080222;068270;2236
20080221;068270;2241
20080220;068270;2214
20080219;068270;2214
20080218;068270;2232
20080215;068270;2209
20080214;068270;2245
20080213;068270;2227
20080212;068270;2259
20080211;068270;2236
20080205;068270;2259
20080204;068270;2259
20080201;068270;2177
20080131;068270;2259
20080130;068270;2264
20080129;068270;2295
20080128;068270;2241
20080125;068270;2254
20080124;068270;2110
20080123;068270;2055
20080122;068270;2078
20080121;068270;2168
20080118;068270;2182
20080117;068270;2173
20080116;068270;2150
20080115;068270;2300
20080114;068270;2454
20080111;068270;2472
20080110;068270;2481
20080109;068270;2508
20080108;068270;2580
20080107;068270;2635
20080104;068270;2685
20080103;068270;2644
20080102;068270;2666
20071228;068270;2743
20071227;068270;2734
20071226;068270;2798
20071224;068270;2725
20071221;068270;2707
20071220;068270;2694
20071218;068270;2712
20071217;068270;2743
20071214;068270;2748
20071213;068270;2789
20071212;068270;2752
20071211;068270;2775
20071210;068270;2789
20071207;068270;2825
20071206;068270;2852
20071205;068270;2802
20071204;068270;2834
20071203;068270;2829
20071130;068270;2834
20071129;068270;2771
20071128;068270;2761
20071127;068270;2771
20071126;068270;3087
20071123;068270;3228
20071122;068270;3259
20071121;068270;3350
20071120;068270;3345
20071119;068270;3323
20071116;068270;3246
20071115;068270;3259
20071114;068270;3454
20071113;068270;3481
20071112;068270;3499
20071109;068270;3748
20071108;068270;3703
20071107;068270;3613
20071106;068270;3576
20071105;068270;3567
20071102;068270;3572
20071101;068270;3531
20071031;068270;3635
20071030;068270;3852
20071029;068270;3984
20071026;068270;3848
20071025;068270;3884
20071024;068270;3862
20071023;068270;3857
20071022;068270;3803
20071019;068270;3816
20071018;068270;3517
20071017;068270;3667
20071016;068270;3830
20071015;068270;3943
20071012;068270;3938
20071011;068270;3975
20071010;068270;3925
20071009;068270;3984
20071008;068270;4020
20071005;068270;3993
20071004;068270;4101
20071002;068270;4120
20071001;068270;3984
20070928;068270;3966
20070927;068270;3984
20070921;068270;3721
20070920;068270;3603
20070919;068270;3545
20070918;068270;3603
20070917;068270;3653
20070914;068270;3590
20070913;068270;3649
20070912;068270;3531
20070911;068270;3531
20070910;068270;3436
20070907;068270;3495
20070906;068270;3486
20070905;068270;3531
20070904;068270;3531
20070903;068270;3508
20070831;068270;3517
20070830;068270;3468
20070829;068270;3468
20070828;068270;3585
20070827;068270;3594
20070824;068270;3581
20070823;068270;3608
20070822;068270;3504
20070821;068270;3481
20070820;068270;3472
20070817;068270;3214
20070816;068270;3214
20070814;068270;3531
20070813;068270;3676
20070810;068270;3685
20070809;068270;3866
20070808;068270;3785
20070807;068270;3766
20070806;068270;3785
20070803;068270;3970
20070802;068270;3893
20070801;068270;3948
20070731;068270;4056
20070730;068270;3893
20070727;068270;3929
20070726;068270;4142
20070725;068270;4165
20070724;068270;4147
20070723;068270;4120
20070720;068270;4156
20070719;068270;4210
20070718;068270;4246
20070716;068270;4215
20070713;068270;4210
20070712;068270;4400
20070711;068270;4455
20070710;068270;4455
20070709;068270;4427
20070706;068270;4382
20070705;068270;4459
20070704;068270;4518
20070703;068270;4509
20070702;068270;4554
20070629;068270;4436
20070628;068270;4355
20070627;068270;4436
20070626;068270;4618
20070625;068270;4699
20070622;068270;4554
20070621;068270;4618
20070620;068270;4545
20070619;068270;4618
20070618;068270;4618
20070615;068270;4355
20070614;068270;4328
20070613;068270;4400
20070612;068270;4446
20070611;068270;4341
20070608;068270;4169
20070607;068270;4192
20070605;068270;4219
20070604;068270;4228
20070601;068270;4264
20070531;068270;4436
20070530;068270;4409
20070529;068270;4473
20070528;068270;4482
20070525;068270;4387
20070523;068270;4301
20070522;068270;4369
20070521;068270;4174
20070518;068270;4224
20070517;068270;4255
20070516;068270;4260
20070515;068270;4314
20070514;068270;4323
20070511;068270;4319
20070510;068270;4341
20070509;068270;4391
20070508;068270;4301
20070507;068270;4242
20070504;068270;4079
20070503;068270;4133
20070502;068270;4138
20070430;068270;4056
20070427;068270;3821
20070426;068270;3762
20070425;068270;3726
20070424;068270;3830
20070423;068270;3934
20070420;068270;3875
20070419;068270;3839
20070418;068270;3916
20070417;068270;3920
20070416;068270;4129
20070413;068270;4129
20070412;068270;4124
20070411;068270;4450
20070410;068270;4296
20070409;068270;4346
20070406;068270;4260
20070405;068270;4264
20070404;068270;4074
20070403;068270;3938
20070402;068270;4129
20070330;068270;3780
20070329;068270;3803
20070328;068270;3794
20070327;068270;3848
20070326;068270;3893
20070323;068270;3966
20070322;068270;3984
20070321;068270;3848
20070320;068270;3875
20070319;068270;3979
20070316;068270;3911
20070315;068270;3794
20070314;068270;3794
20070313;068270;3794
20070312;068270;3803
20070309;068270;3780
20070308;068270;3721
20070307;068270;3703
20070306;068270;3694
20070305;068270;3644
20070302;068270;3640
20070228;068270;3599
20070227;068270;3757
20070226;068270;3757
20070223;068270;3785
20070222;068270;3961
20070221;068270;4183
20070220;068270;3848
20070216;068270;3676
20070215;068270;3667
20070214;068270;3667
20070213;068270;3680
20070212;068270;3685
20070209;068270;3757
20070208;068270;3712
20070207;068270;3712
20070206;068270;3690
20070205;068270;3658
20070202;068270;3726
20070201;068270;3785
20070131;068270;3721
20070130;068270;3721
20070129;068270;3744
20070126;068270;3744
20070125;068270;3744
20070124;068270;3744
20070123;068270;3803
20070122;068270;3789
20070119;068270;3780
20070118;068270;3780
20070117;068270;3898
20070116;068270;3938
20070115;068270;3938
20070112;068270;3984
20070111;068270;3979
20070110;068270;3934
20070109;068270;3934
20070108;068270;3925
20070105;068270;3975
20070104;068270;4255
20070103;068270;4124
20070102;068270;4074
20061228;068270;3970
20061227;068270;3952
20061226;068270;3880
20061222;068270;4025
20061221;068270;4106
20061220;068270;4111
20061219;068270;4092
20061218;068270;4129
20061215;068270;4129
20061214;068270;4111
20061213;068270;4061
20061212;068270;4074
20061211;068270;4169
20061208;068270;4192
20061207;068270;4228
20061206;068270;4273
20061205;068270;4337
20061204;068270;4337
20061201;068270;4364
20061130;068270;4346
20061129;068270;4255
20061128;068270;4201
20061127;068270;4255
20061124;068270;4310
20061123;068270;4337
20061122;068270;4319
20061121;068270;4255
20061120;068270;4210
20061117;068270;4129
20061116;068270;4101
20061115;068270;4047
20061114;068270;3889
20061113;068270;3871
20061110;068270;3907
20061109;068270;3993
20061108;068270;3988
20061107;068270;3988
20061106;068270;4124
20061103;068270;4124
20061102;068270;4120
20061101;068270;4074
20061031;068270;4079
20061030;068270;4002
20061027;068270;3943
20061026;068270;3431
20061025;068270;3431
20061024;068270;3441
20061023;068270;3486
20061020;068270;3395
20061019;068270;3359
20061018;068270;3431
20061017;068270;3477
20061016;068270;3567
20061013;068270;3499
20061012;068270;3599
20061011;068270;3667
20061010;068270;3622
20061009;068270;3622
20061004;068270;3848
20061002;068270;3929
20060929;068270;3902
20060928;068270;4074
20060927;068270;3979
20060926;068270;4012
20060925;068270;3926
20060922;068270;4036
20060921;068270;4118
20060920;068270;4069
20060919;068270;4073
20060918;068270;4077
20060915;068270;4077
20060914;068270;4069
20060913;068270;4077
20060912;068270;4032
20060911;068270;4118
20060908;068270;4150
20060907;068270;4110
20060906;068270;4118
20060905;068270;4093
20060904;068270;4077
20060901;068270;4061
20060831;068270;4061
20060830;068270;3963
20060829;068270;3995
20060828;068270;4077
20060825;068270;4077
20060824;068270;4126
20060823;068270;4101
20060822;068270;4159
20060821;068270;3857
20060818;068270;3886
20060817;068270;3730
20060816;068270;3686
20060814;068270;3582
20060811;068270;3552
20060810;068270;3552
20060809;068270;3464
20060808;068270;3382
20060807;068270;3338
20060804;068270;3264
20060803;068270;3404
20060802;068270;3404
20060801;068270;3160
20060731;068270;3190
20060728;068270;3223
20060727;068270;3401
20060726;068270;3552
20060725;068270;3678
20060724;068270;3693
20060721;068270;3645
20060720;068270;3619
20060719;068270;3556
20060718;068270;3589
20060714;068270;3641
20060713;068270;3589
20060712;068270;3915
20060711;068270;4063
20060710;068270;4063
20060707;068270;4270
20060706;068270;4404
20060705;068270;4441
20060704;068270;4507
20060703;068270;4426
20060630;068270;4063
20060629;068270;3974
20060628;068270;3923
20060627;068270;3915
20060626;068270;3997
20060623;068270;4145
20060622;068270;4285
20060621;068270;4470
20060620;068270;4640
20060619;068270;4737
20060616;068270;4788
20060615;068270;4729
20060614;068270;4729
20060613;068270;4877
20060612;068270;5173
20060609;068270;5107
20060608;068270;5018
20060607;068270;5277
20060605;068270;5573
20060602;068270;5699
20060601;068270;5721
20060530;068270;5869
20060529;068270;6061
20060526;068270;5373
20060525;068270;5270
20060524;068270;5218
20060523;068270;5284
20060522;068270;5181
20060519;068270;5181
20060518;068270;5181
20060517;068270;5092
20060516;068270;5033
20060515;068270;5003
20060512;068270;5025
20060511;068270;5099
20060510;068270;5033
20060509;068270;5077
20060508;068270;5114
20060504;068270;5225
20060503;068270;5292
20060502;068270;5307
20060428;068270;5270
20060427;068270;5292
20060426;068270;5314
20060425;068270;5366
20060424;068270;5536
20060421;068270;5551
20060420;068270;5477
20060419;068270;5573
20060418;068270;5558
20060417;068270;5617
20060414;068270;5662
20060413;068270;5610
20060412;068270;5832
20060411;068270;5751
20060410;068270;5995
20060407;068270;6069
20060406;068270;5950
20060405;068270;5943
20060404;068270;5943
20060403;068270;5906
20060331;068270;5884
20060330;068270;5743
20060329;068270;5773
20060328;068270;5847
20060327;068270;5847
20060324;068270;5936
20060323;068270;6024
20060322;068270;5987
20060321;068270;6091
20060320;068270;5995
20060317;068270;5936
20060316;068270;5936
20060315;068270;6047
20060314;068270;6061
20060313;068270;6069
20060310;068270;6047
20060309;068270;6143
20060308;068270;6217
20060307;068270;6195
20060306;068270;6269
20060303;068270;6180
20060302;068270;6513
20060228;068270;6565
20060227;068270;6483
20060224;068270;6587
20060223;068270;6883
20060222;068270;6306
20060221;068270;6491
20060220;068270;6661
20060217;068270;6698
20060216;068270;6143
20060215;068270;5921
20060214;068270;5588
20060213;068270;5477
20060210;068270;5958
20060209;068270;6283
20060208;068270;6010
20060207;068270;5921
20060206;068270;5921
20060203;068270;5921
20060202;068270;6061
20060201;068270;5921
20060131;068270;5714
20060127;068270;5699
20060126;068270;5669
20060125;068270;5699
20060124;068270;5329
20060123;068270;5018
20060120;068270;5070
20060119;068270;5196
20060118;068270;4996
20060117;068270;4959
20060116;068270;4885
20060113;068270;4914
20060112;068270;4774
20060111;068270;4840
20060110;068270;4988
20060109;068270;4959
20060106;068270;5070
20060105;068270;4914
20060104;068270;5033
20060103;068270;4833
20060102;068270;4781
20051229;068270;4737
20051228;068270;4611
20051227;068270;4626
20051226;068270;4737
20051223;068270;4811
20051222;068270;4737
20051221;068270;4959
20051220;068270;4855
20051219;068270;5040
20051216;068270;5033
20051215;068270;5262
20051214;068270;5373
20051213;068270;5462
20051212;068270;5514
20051209;068270;5373
20051208;068270;5551
20051207;068270;5699
20051206;068270;5447
20051205;068270;5262
20051202;068270;5292
20051201;068270;5292
20051130;068270;5403
20051129;068270;5292
20051128;068270;5284
20051125;068270;5255
20051124;068270;5270
20051123;068270;5262
20051122;068270;5255
20051121;068270;5351
20051118;068270;5477
20051117;068270;5314
20051116;068270;5358
20051115;068270;5455
20051114;068270;5336
20051111;068270;5307
20051110;068270;5070
20051109;068270;4988
20051108;068270;4959
20051107;068270;4959
20051104;068270;4707
20051103;068270;4626
20051102;068270;4700
20051101;068270;4515
20051031;068270;4470
20051028;068270;4463
20051027;068270;4485
20051026;068270;4522
20051025;068270;4552
20051024;068270;4492
20051021;068270;4293
20051020;068270;4108
20051019;068270;4130
20051018;068270;4293
20051017;068270;4219
20051014;068270;4152
20051013;068270;4048
20051012;068270;3923
20051011;068270;4056
20051010;068270;4130
20051007;068270;4145
20051006;068270;4063
20051005;068270;4063
20051004;068270;3974
20050930;068270;3923
20050929;068270;3701
20050928;068270;3738
20050927;068270;3767
20050926;068270;3456
20050923;068270;3445
20050922;068270;3541
20050921;068270;3634
20050920;068270;3534
20050916;068270;3686
20050915;068270;3849
20050914;068270;3649
20050913;068270;3175
20050912;068270;3182
20050909;068270;3256
20050908;068270;3360
20050907;068270;3231
20050906;068270;3116
20050905;068270;3112
20050902;068270;3145
20050901;068270;3094
20050831;068270;2960
20050830;068270;2997
20050829;068270;2979
20050826;068270;3097
20050825;068270;3108
20050824;068270;3131
20050823;068270;3116
20050822;068270;3182
20050819;068270;3108
20050818;068270;3290
20050817;068270;3393
20050816;068270;3552
20050812;068270;3597
20050811;068270;3701
20050810;068270;3686
20050809;068270;3645
20050808;068270;3693
20050805;068270;3701
20050804;068270;3812
20050803;068270;3723
20050802;068270;3923
20050801;068270;3982
20050729;068270;3937
20050728;068270;4034
20050727;068270;4182
20050726;068270;4115
20050725;068270;4182
20050722;068270;4130
20050721;068270;4248
20050720;068270;4848
20050719;068270;5699
