20210224153000;090740;5600
20210224151900;090740;5660
20210224151800;090740;5620
20210224151700;090740;5640
20210224151600;090740;5640
20210224151500;090740;5630
20210224151400;090740;5680
20210224151300;090740;5690
20210224151200;090740;5700
20210224151100;090740;5710
20210224151000;090740;5710
20210224150900;090740;5700
20210224150800;090740;5680
20210224150700;090740;5700
20210224150600;090740;5690
20210224150500;090740;5700
20210224150400;090740;5680
20210224150300;090740;5710
20210224150200;090740;5720
20210224150100;090740;5730
20210224150000;090740;5730
20210224145900;090740;5710
20210224145800;090740;5720
20210224145700;090740;5740
20210224145600;090740;5740
20210224145500;090740;5680
20210224145400;090740;5720
20210224145300;090740;5720
20210224145200;090740;5700
20210224145100;090740;5700
20210224145000;090740;5720
20210224144900;090740;5690
20210224144800;090740;5690
20210224144600;090740;5750
20210224144500;090740;5750
20210224144400;090740;5760
20210224144300;090740;5760
20210224144200;090740;5710
20210224144100;090740;5740
20210224144000;090740;5790
20210224143900;090740;5720
20210224143800;090740;5770
20210224143700;090740;5790
20210224143600;090740;5760
20210224143500;090740;5800
20210224143400;090740;5760
20210224143300;090740;5760
20210224143200;090740;5830
20210224143100;090740;5830
20210224143000;090740;5810
20210224142900;090740;5810
20210224142800;090740;5830
20210224142700;090740;5800
20210224142600;090740;5840
20210224142500;090740;5840
20210224142400;090740;5810
20210224142300;090740;5850
20210224142200;090740;5800
20210224142100;090740;5840
20210224142000;090740;5910
20210224141900;090740;5840
20210224141800;090740;5810
20210224141700;090740;5860
20210224141600;090740;5860
20210224141500;090740;5860
20210224141400;090740;5810
20210224141300;090740;5830
20210224141200;090740;5860
20210224141100;090740;5820
20210224141000;090740;5860
20210224140900;090740;5870
20210224140800;090740;5870
20210224140600;090740;5920
20210224140500;090740;5880
20210224140400;090740;5920
20210224140300;090740;5890
20210224140200;090740;5860
20210224140100;090740;5860
20210224140000;090740;5800
20210224135900;090740;5820
20210224135800;090740;5840
20210224135700;090740;5880
20210224135600;090740;5870
20210224135500;090740;5830
20210224135400;090740;5910
20210224135300;090740;5960
20210224135200;090740;5890
20210224135100;090740;5770
20210224135000;090740;5770
20210224134900;090740;5770
20210224134800;090740;5770
20210224134700;090740;5730
20210224134600;090740;5750
20210224134400;090740;5790
20210224134300;090740;5790
20210224134200;090740;5790
20210224134100;090740;5780
20210224134000;090740;5740
20210224133900;090740;5740
20210224133800;090740;5760
20210224133700;090740;5790
20210224133600;090740;5800
20210224133500;090740;5740
20210224133400;090740;5740
20210224133300;090740;5760
20210224133100;090740;5770
20210224133000;090740;5750
20210224132900;090740;5770
20210224132800;090740;5730
20210224132700;090740;5740
20210224132600;090740;5740
20210224132500;090740;5740
20210224132400;090740;5740
20210224132300;090740;5740
20210224132200;090740;5750
20210224132100;090740;5800
20210224132000;090740;5810
20210224131900;090740;5770
20210224131800;090740;5820
20210224131700;090740;5760
20210224131600;090740;5730
20210224131500;090740;5730
20210224131400;090740;5710
20210224131300;090740;5720
20210224131200;090740;5740
20210224131100;090740;5740
20210224131000;090740;5780
20210224130900;090740;5810
20210224130800;090740;5840
20210224130700;090740;5840
20210224130600;090740;5810
20210224130500;090740;5940
20210224130400;090740;5960
20210224130300;090740;5970
20210224130200;090740;6010
20210224130100;090740;5960
20210224130000;090740;5960
20210224125900;090740;6020
20210224125800;090740;6080
20210224125700;090740;6000
20210224125600;090740;6010
20210224125500;090740;6180
20210224125400;090740;5870
20210224125300;090740;5910
20210224125200;090740;6040
20210224125100;090740;5890
20210224125000;090740;5890
20210224124900;090740;5880
20210224124800;090740;5870
20210224124700;090740;5800
20210224124600;090740;5820
20210224124500;090740;5820
20210224124400;090740;5780
20210224124300;090740;5830
20210224124200;090740;5770
20210224124100;090740;5690
20210224124000;090740;5690
20210224123900;090740;5700
20210224123800;090740;5680
20210224123700;090740;5680
20210224123600;090740;5680
20210224123400;090740;5670
20210224123300;090740;5670
20210224123200;090740;5680
20210224123100;090740;5680
20210224123000;090740;5690
20210224122900;090740;5690
20210224122800;090740;5690
20210224122600;090740;5660
20210224122500;090740;5690
20210224122400;090740;5690
20210224122300;090740;5690
20210224122200;090740;5690
20210224122100;090740;5680
20210224122000;090740;5690
20210224121900;090740;5690
20210224121800;090740;5690
20210224121700;090740;5690
20210224121600;090740;5700
20210224121500;090740;5680
20210224121100;090740;5690
20210224121000;090740;5690
20210224120900;090740;5690
20210224120800;090740;5700
20210224120700;090740;5700
20210224120600;090740;5700
20210224120500;090740;5700
20210224120400;090740;5700
20210224120300;090740;5700
20210224120200;090740;5690
20210224120100;090740;5690
20210224120000;090740;5690
20210224115900;090740;5660
20210224115800;090740;5690
20210224115700;090740;5680
20210224115600;090740;5690
20210224115500;090740;5690
20210224115400;090740;5700
20210224115300;090740;5690
20210224115200;090740;5690
20210224115100;090740;5670
20210224115000;090740;5660
20210224114900;090740;5670
20210224114800;090740;5670
20210224114500;090740;5670
20210224114400;090740;5670
20210224114300;090740;5700
20210224114200;090740;5700
20210224114100;090740;5700
20210224114000;090740;5670
20210224113900;090740;5700
20210224113800;090740;5700
20210224113700;090740;5700
20210224113600;090740;5700
20210224113500;090740;5700
20210224113400;090740;5700
20210224113300;090740;5700
20210224113200;090740;5700
20210224113000;090740;5680
20210224112900;090740;5680
20210224112800;090740;5680
20210224112700;090740;5680
20210224112600;090740;5660
20210224112500;090740;5680
20210224112400;090740;5670
20210224112300;090740;5650
20210224112200;090740;5660
20210224112100;090740;5660
20210224111900;090740;5660
20210224111800;090740;5640
20210224111700;090740;5660
20210224111600;090740;5660
20210224111500;090740;5640
20210224111400;090740;5650
20210224111200;090740;5650
20210224111100;090740;5650
20210224111000;090740;5650
20210224110900;090740;5660
20210224110800;090740;5650
20210224110700;090740;5650
20210224110600;090740;5670
20210224110500;090740;5680
20210224110400;090740;5680
20210224110300;090740;5670
20210224110200;090740;5670
20210224110100;090740;5680
20210224110000;090740;5670
20210224105800;090740;5670
20210224105700;090740;5680
20210224105600;090740;5680
20210224105500;090740;5700
20210224105400;090740;5680
20210224105300;090740;5680
20210224105200;090740;5680
20210224105100;090740;5690
20210224104700;090740;5690
20210224104600;090740;5690
20210224104500;090740;5690
20210224104400;090740;5660
20210224104300;090740;5700
20210224104200;090740;5710
20210224104100;090740;5660
20210224103900;090740;5730
20210224103800;090740;5730
20210224103700;090740;5740
20210224103600;090740;5740
20210224103500;090740;5740
20210224103400;090740;5730
20210224103300;090740;5730
20210224103200;090740;5730
20210224103100;090740;5730
20210224103000;090740;5710
20210224102900;090740;5700
20210224102700;090740;5710
20210224102600;090740;5710
20210224102500;090740;5700
20210224102400;090740;5700
20210224102300;090740;5710
20210224102200;090740;5710
20210224102100;090740;5670
20210224102000;090740;5720
20210224101900;090740;5670
20210224101800;090740;5700
20210224101700;090740;5700
20210224101600;090740;5690
20210224101500;090740;5700
20210224101400;090740;5700
20210224101300;090740;5680
20210224101200;090740;5690
20210224101100;090740;5730
20210224101000;090740;5730
20210224100900;090740;5730
20210224100800;090740;5740
20210224100700;090740;5690
20210224100600;090740;5690
20210224100500;090740;5670
20210224100400;090740;5670
20210224100300;090740;5650
20210224100200;090740;5630
20210224100100;090740;5590
20210224100000;090740;5600
20210224095800;090740;5610
20210224095700;090740;5610
20210224095600;090740;5610
20210224095500;090740;5590
20210224095300;090740;5610
20210224095200;090740;5620
20210224095100;090740;5590
20210224095000;090740;5620
20210224094900;090740;5620
20210224094800;090740;5620
20210224094700;090740;5620
20210224094600;090740;5600
20210224094500;090740;5620
20210224094400;090740;5620
20210224094300;090740;5620
20210224094200;090740;5620
20210224094100;090740;5610
20210224094000;090740;5610
20210224093900;090740;5620
20210224093800;090740;5610
20210224093700;090740;5580
20210224093600;090740;5600
20210224093500;090740;5570
20210224093400;090740;5650
20210224093300;090740;5650
20210224093200;090740;5650
20210224093100;090740;5600
20210224093000;090740;5530
20210224092900;090740;5520
20210224092800;090740;5510
20210224092700;090740;5500
20210224092600;090740;5540
20210224092500;090740;5580
20210224092400;090740;5560
20210224092300;090740;5600
20210224092200;090740;5630
20210224092100;090740;5650
20210224092000;090740;5680
20210224091900;090740;5680
20210224091800;090740;5650
20210224091700;090740;5650
20210224091600;090740;5670
20210224091500;090740;5650
20210224091400;090740;5650
20210224091300;090740;5700
20210224091200;090740;5730
20210224091100;090740;5700
20210224091000;090740;5790
20210224090900;090740;5800
20210224090800;090740;5800
20210224090700;090740;5800
20210224090600;090740;5800
20210224090500;090740;5800
20210224090400;090740;5770
20210224090300;090740;5790
20210224090200;090740;5790
20210224090100;090740;5750
20210224090000;090740;5800
20210223153500;090740;5880
20210223153000;090740;5880
20210223151900;090740;5910
20210223151800;090740;5820
20210223151700;090740;5820
20210223151600;090740;5840
20210223151500;090740;5840
20210223151400;090740;5850
20210223151300;090740;5850
20210223151200;090740;5850
20210223151100;090740;5830
20210223151000;090740;5830
20210223150900;090740;5860
20210223150800;090740;5870
20210223150700;090740;5850
20210223150600;090740;5870
20210223150500;090740;5850
20210223150400;090740;5870
20210223150300;090740;5880
20210223150200;090740;5880
20210223150100;090740;5890
20210223150000;090740;5880
20210223145900;090740;5880
20210223145800;090740;5900
20210223145700;090740;5890
20210223145600;090740;5890
20210223145500;090740;5900
20210223145400;090740;5900
20210223145300;090740;5920
20210223145200;090740;5900
20210223145100;090740;5890
20210223145000;090740;5890
20210223144900;090740;5910
20210223144800;090740;5880
20210223144700;090740;5900
20210223144600;090740;5900
20210223144500;090740;5890
20210223144300;090740;5890
20210223144200;090740;5920
20210223144100;090740;5910
20210223144000;090740;5910
20210223143900;090740;5910
20210223143800;090740;5920
20210223143700;090740;5930
20210223143600;090740;5920
20210223143500;090740;5920
20210223143400;090740;5920
20210223143300;090740;5920
20210223143200;090740;5920
20210223143100;090740;5920
20210223142900;090740;5920
20210223142800;090740;5910
20210223142700;090740;5920
20210223142600;090740;5920
20210223142500;090740;5920
20210223142400;090740;5920
20210223142300;090740;5920
20210223142200;090740;5920
20210223142100;090740;5900
20210223141900;090740;5910
20210223141800;090740;5920
20210223141700;090740;5920
20210223141600;090740;5920
20210223141500;090740;5930
20210223141400;090740;5900
20210223141300;090740;5930
20210223141200;090740;5920
20210223141100;090740;5920
20210223141000;090740;5920
20210223140900;090740;5900
20210223140800;090740;5900
20210223140700;090740;5890
20210223140600;090740;5880
20210223140500;090740;5900
20210223140400;090740;5900
20210223140300;090740;5900
20210223140200;090740;5900
20210223140100;090740;5860
20210223140000;090740;5860
20210223135900;090740;5890
20210223135800;090740;5900
20210223135700;090740;5880
20210223135600;090740;5860
20210223135500;090740;5860
20210223135400;090740;5890
20210223135300;090740;5900
20210223135200;090740;5900
20210223135100;090740;5920
20210223135000;090740;5900
20210223134900;090740;5920
20210223134800;090740;5900
20210223134600;090740;5920
20210223134500;090740;5920
20210223134400;090740;5930
20210223134300;090740;5920
20210223134200;090740;5930
20210223134100;090740;5920
20210223134000;090740;5930
20210223133900;090740;5940
20210223133800;090740;5940
20210223133600;090740;5940
20210223133500;090740;5940
20210223133400;090740;5940
20210223133300;090740;5920
20210223133200;090740;5900
20210223133100;090740;5900
20210223133000;090740;5910
20210223132900;090740;5900
20210223132800;090740;5910
20210223132700;090740;5910
20210223132600;090740;5910
20210223132400;090740;5920
20210223132300;090740;5920
20210223132200;090740;5920
20210223132100;090740;5920
20210223132000;090740;5930
20210223131900;090740;5920
20210223131800;090740;5920
20210223131700;090740;5930
20210223131600;090740;5930
20210223131500;090740;5930
20210223131400;090740;5940
20210223131300;090740;5930
20210223131200;090740;5890
20210223131100;090740;5880
20210223131000;090740;5860
20210223130900;090740;5870
20210223130800;090740;5880
20210223130700;090740;5880
20210223130600;090740;5900
20210223130500;090740;5950
20210223130400;090740;5960
20210223130300;090740;5970
20210223130200;090740;5980
20210223130100;090740;5970
20210223130000;090740;5980
20210223125900;090740;5980
20210223125800;090740;5970
20210223125700;090740;5970
20210223125600;090740;5970
20210223125500;090740;5970
20210223125400;090740;6000
20210223125300;090740;6000
20210223125200;090740;5960
20210223125100;090740;5960
20210223125000;090740;5970
20210223124900;090740;5960
20210223124800;090740;5980
20210223124700;090740;5990
20210223124500;090740;6010
20210223124400;090740;6010
20210223124300;090740;5990
20210223124200;090740;6020
20210223124100;090740;6000
20210223124000;090740;5990
20210223123900;090740;6010
20210223123800;090740;6020
20210223123600;090740;6010
20210223123500;090740;6010
20210223123400;090740;6020
20210223123300;090740;6020
20210223123200;090740;6020
20210223123100;090740;6020
20210223123000;090740;6000
20210223122900;090740;6000
20210223122800;090740;5990
20210223122700;090740;6000
20210223122600;090740;6000
20210223122500;090740;6000
20210223122400;090740;6000
20210223122300;090740;5980
20210223122200;090740;5990
20210223122100;090740;5990
20210223122000;090740;6000
20210223121900;090740;6010
20210223121700;090740;6000
20210223121600;090740;6000
20210223121500;090740;6000
20210223121400;090740;6010
20210223121300;090740;6000
20210223121200;090740;6010
20210223121100;090740;6000
20210223121000;090740;6000
20210223120900;090740;6020
20210223120800;090740;6000
20210223120500;090740;6030
20210223120400;090740;6020
20210223120300;090740;6010
20210223120200;090740;6010
20210223120100;090740;6020
20210223115900;090740;6020
20210223115800;090740;6020
20210223115700;090740;6020
20210223115600;090740;6020
20210223115400;090740;6020
20210223115300;090740;6010
20210223115200;090740;6010
20210223115100;090740;6010
20210223115000;090740;6030
20210223114900;090740;6030
20210223114800;090740;6010
20210223114700;090740;6040
20210223114600;090740;6040
20210223114500;090740;6040
20210223114400;090740;6040
20210223114300;090740;6040
20210223114200;090740;6020
20210223114100;090740;6020
20210223114000;090740;6040
20210223113900;090740;6040
20210223113800;090740;6040
20210223113700;090740;6040
20210223113600;090740;6040
20210223113500;090740;6040
20210223113400;090740;6010
20210223113300;090740;6010
20210223113200;090740;6000
20210223113100;090740;6010
20210223113000;090740;6000
20210223112900;090740;6030
20210223112800;090740;6030
20210223112700;090740;6040
20210223112600;090740;6010
20210223112500;090740;6050
20210223112400;090740;6050
20210223112300;090740;6010
20210223112200;090740;6020
20210223112000;090740;6000
20210223111900;090740;6000
20210223111800;090740;6010
20210223111700;090740;6010
20210223111600;090740;6050
20210223111500;090740;6040
20210223111400;090740;6040
20210223111300;090740;6040
20210223111200;090740;6050
20210223111100;090740;6050
20210223111000;090740;6060
20210223110900;090740;6040
20210223110800;090740;6060
20210223110600;090740;6060
20210223110500;090740;6040
20210223110400;090740;6020
20210223110300;090740;6040
20210223110200;090740;6010
20210223110000;090740;6010
20210223105900;090740;6040
20210223105800;090740;6060
20210223105700;090740;6060
20210223105600;090740;6060
20210223105400;090740;6050
20210223105300;090740;6050
20210223105200;090740;6050
20210223105100;090740;6050
20210223105000;090740;6050
20210223104900;090740;6040
20210223104800;090740;6010
20210223104700;090740;6020
20210223104600;090740;6060
20210223104500;090740;6080
20210223104400;090740;6080
20210223104300;090740;6060
20210223104200;090740;6080
20210223104000;090740;6080
20210223103900;090740;6060
20210223103800;090740;6080
20210223103700;090740;6080
20210223103600;090740;6090
20210223103500;090740;6090
20210223103400;090740;6100
20210223103300;090740;6100
20210223103200;090740;6100
20210223103100;090740;6100
20210223103000;090740;6100
20210223102900;090740;6090
20210223102800;090740;6080
20210223102700;090740;6080
20210223102600;090740;6070
20210223102500;090740;6060
20210223102400;090740;6070
20210223102300;090740;6050
20210223102200;090740;6070
20210223102100;090740;6070
20210223102000;090740;6060
20210223101900;090740;6070
20210223101800;090740;6080
20210223101700;090740;6040
20210223101600;090740;6060
20210223101500;090740;6040
20210223101400;090740;6050
20210223101300;090740;6050
20210223101200;090740;6020
20210223101100;090740;6040
20210223101000;090740;6040
20210223100900;090740;6050
20210223100800;090740;6080
20210223100700;090740;6070
20210223100600;090740;6080
20210223100500;090740;6080
20210223100400;090740;6080
20210223100300;090740;6080
20210223100200;090740;6090
20210223100100;090740;6090
20210223100000;090740;6100
20210223095900;090740;6090
20210223095800;090740;6080
20210223095700;090740;6110
20210223095600;090740;6110
20210223095500;090740;6110
20210223095400;090740;6100
20210223095300;090740;6100
20210223095200;090740;6110
20210223095100;090740;6120
20210223095000;090740;6120
20210223094900;090740;6090
20210223094800;090740;6120
20210223094700;090740;6140
20210223094600;090740;6120
20210223094500;090740;6120
20210223094400;090740;6120
20210223094300;090740;6120
20210223094200;090740;6120
20210223094100;090740;6120
20210223094000;090740;6100
20210223093900;090740;6090
20210223093800;090740;6100
20210223093700;090740;6050
20210223093600;090740;6060
20210223093500;090740;6070
20210223093400;090740;6070
20210223093300;090740;6080
20210223093200;090740;6020
20210223093100;090740;6000
20210223093000;090740;6020
20210223092900;090740;5980
20210223092800;090740;6030
20210223092700;090740;6060
20210223092600;090740;6050
20210223092500;090740;6080
20210223092400;090740;6080
20210223092300;090740;6070
20210223092200;090740;6070
20210223092100;090740;6100
20210223092000;090740;6060
20210223091900;090740;6090
20210223091800;090740;6090
20210223091700;090740;6100
20210223091600;090740;6070
20210223091500;090740;6100
20210223091400;090740;6040
20210223091300;090740;6000
20210223091200;090740;6000
20210223091100;090740;5990
20210223091000;090740;5990
20210223090900;090740;6010
20210223090800;090740;6060
20210223090700;090740;6060
20210223090600;090740;6070
20210223090500;090740;6190
20210223090400;090740;6280
20210223090300;090740;6300
20210223090200;090740;6320
20210223090100;090740;6360
20210223090000;090740;6320
20210222153500;090740;5980
20210222153000;090740;5980
20210222151900;090740;5970
20210222151800;090740;5960
20210222151700;090740;5950
20210222151600;090740;5960
20210222151500;090740;5950
20210222151400;090740;5960
20210222151300;090740;5960
20210222151200;090740;5950
20210222151100;090740;5950
20210222151000;090740;5950
20210222150900;090740;5970
20210222150800;090740;5960
20210222150700;090740;5980
20210222150600;090740;5970
20210222150500;090740;5970
20210222150400;090740;5980
20210222150300;090740;5970
20210222150200;090740;5970
20210222150100;090740;5980
20210222150000;090740;5980
20210222145900;090740;5990
20210222145800;090740;5990
20210222145700;090740;5990
20210222145600;090740;6000
20210222145500;090740;5990
20210222145400;090740;5970
20210222145300;090740;5980
20210222145200;090740;5980
20210222145100;090740;5990
20210222145000;090740;5990
20210222144800;090740;5970
20210222144700;090740;5980
20210222144600;090740;5970
20210222144500;090740;5970
20210222144400;090740;5960
20210222144300;090740;5950
20210222144100;090740;5950
20210222144000;090740;5940
20210222143900;090740;5950
20210222143800;090740;5950
20210222143700;090740;5950
20210222143600;090740;5950
20210222143500;090740;5950
20210222143400;090740;5940
20210222143300;090740;5950
20210222143200;090740;5950
20210222143100;090740;5950
20210222143000;090740;5950
20210222142900;090740;5940
20210222142800;090740;5950
20210222142700;090740;5950
20210222142600;090740;5950
20210222142500;090740;5950
20210222142400;090740;5940
20210222142300;090740;5940
20210222142200;090740;5940
20210222142100;090740;5930
20210222142000;090740;5930
20210222141900;090740;5950
20210222141700;090740;5940
20210222141600;090740;5950
20210222141500;090740;5930
20210222141400;090740;5940
20210222141300;090740;5940
20210222141200;090740;5940
20210222141000;090740;5940
20210222140900;090740;5930
20210222140700;090740;5930
20210222140400;090740;5950
20210222140100;090740;5950
20210222140000;090740;5950
20210222135900;090740;5950
20210222135800;090740;5950
20210222135600;090740;5960
20210222135500;090740;5950
20210222135200;090740;5960
20210222135000;090740;5960
20210222134900;090740;5950
20210222134800;090740;5950
20210222134600;090740;5960
20210222134500;090740;5970
20210222134400;090740;5970
20210222134200;090740;5970
20210222134100;090740;5970
20210222133800;090740;5970
20210222133700;090740;5970
20210222133600;090740;5950
20210222133500;090740;5970
20210222133400;090740;5970
20210222133300;090740;5980
20210222133200;090740;5980
20210222133100;090740;5970
20210222133000;090740;5970
20210222132900;090740;5980
20210222132800;090740;5980
20210222132700;090740;5980
20210222132600;090740;5980
20210222132400;090740;5970
20210222132300;090740;5970
20210222132200;090740;5970
20210222132100;090740;5970
20210222132000;090740;5960
20210222131900;090740;5970
20210222131700;090740;5980
20210222131500;090740;5950
20210222131400;090740;5950
20210222131300;090740;5950
20210222131100;090740;5950
20210222131000;090740;5940
20210222130900;090740;5940
20210222130700;090740;5940
20210222130600;090740;5940
20210222130500;090740;5950
20210222130300;090740;5960
20210222130200;090740;5970
20210222130100;090740;5970
20210222130000;090740;5960
20210222125900;090740;5960
20210222125800;090740;5960
20210222125600;090740;5960
20210222125500;090740;5960
20210222125300;090740;5960
20210222125200;090740;5960
20210222125100;090740;5960
20210222125000;090740;5940
20210222124900;090740;5940
20210222124800;090740;5960
20210222124600;090740;5950
20210222124500;090740;5950
20210222124400;090740;5950
20210222124300;090740;5930
20210222124200;090740;5950
20210222124100;090740;5950
20210222124000;090740;5950
20210222123900;090740;5940
20210222123800;090740;5930
20210222123700;090740;5930
20210222123600;090740;5920
20210222123500;090740;5920
20210222123400;090740;5910
20210222123200;090740;5910
20210222123000;090740;5900
20210222122900;090740;5900
20210222122800;090740;5900
20210222122600;090740;5930
20210222122400;090740;5930
20210222122100;090740;5930
20210222121900;090740;5930
20210222121800;090740;5910
20210222121700;090740;5920
20210222121400;090740;5920
20210222121300;090740;5920
20210222121200;090740;5910
20210222121100;090740;5910
20210222121000;090740;5920
20210222120900;090740;5930
20210222120800;090740;5920
20210222120700;090740;5920
20210222120600;090740;5930
20210222120400;090740;5930
20210222120300;090740;5930
20210222120200;090740;5920
20210222120100;090740;5930
20210222120000;090740;5930
20210222115900;090740;5930
20210222115800;090740;5910
20210222115700;090740;5900
20210222115600;090740;5900
20210222115500;090740;5910
20210222115300;090740;5910
20210222115200;090740;5910
20210222115100;090740;5910
20210222115000;090740;5910
20210222114900;090740;5900
20210222114800;090740;5880
