20210224153000;096040;750
20210224151900;096040;764
20210224151800;096040;769
20210224151700;096040;776
20210224151600;096040;779
20210224151500;096040;777
20210224151400;096040;777
20210224151300;096040;778
20210224151200;096040;785
20210224151100;096040;774
20210224151000;096040;789
20210224150700;096040;773
20210224150600;096040;778
20210224150500;096040;785
20210224150400;096040;778
20210224150300;096040;778
20210224150200;096040;784
20210224150100;096040;782
20210224150000;096040;782
20210224145900;096040;787
20210224145800;096040;789
20210224145700;096040;786
20210224145600;096040;787
20210224145500;096040;786
20210224145400;096040;785
20210224145300;096040;783
20210224145200;096040;787
20210224145100;096040;782
20210224145000;096040;790
20210224144900;096040;792
20210224144800;096040;792
20210224144700;096040;790
20210224144600;096040;790
20210224144500;096040;790
20210224144400;096040;791
20210224144300;096040;792
20210224144200;096040;793
20210224144100;096040;794
20210224144000;096040;794
20210224143900;096040;793
20210224143800;096040;794
20210224143700;096040;797
20210224143600;096040;796
20210224143500;096040;792
20210224143400;096040;800
20210224143300;096040;802
20210224143200;096040;803
20210224143100;096040;793
20210224143000;096040;789
20210224142900;096040;790
20210224142800;096040;791
20210224142700;096040;792
20210224142600;096040;793
20210224142500;096040;793
20210224142400;096040;792
20210224142300;096040;793
20210224142200;096040;793
20210224142100;096040;794
20210224142000;096040;793
20210224141900;096040;800
20210224141800;096040;795
20210224141700;096040;794
20210224141600;096040;794
20210224141500;096040;797
20210224141400;096040;799
20210224141300;096040;796
20210224141200;096040;793
20210224141100;096040;796
20210224141000;096040;797
20210224140900;096040;800
20210224140800;096040;799
20210224140700;096040;799
20210224140600;096040;799
20210224140500;096040;798
20210224140400;096040;802
20210224140300;096040;804
20210224140200;096040;804
20210224140100;096040;796
20210224140000;096040;791
20210224135900;096040;793
20210224135800;096040;795
20210224135700;096040;796
20210224135600;096040;799
20210224135500;096040;801
20210224135400;096040;801
20210224135300;096040;797
20210224135200;096040;795
20210224135100;096040;797
20210224135000;096040;801
20210224134900;096040;800
20210224134800;096040;801
20210224134700;096040;799
20210224134600;096040;797
20210224134500;096040;800
20210224134400;096040;803
20210224134300;096040;804
20210224134200;096040;805
20210224134100;096040;804
20210224134000;096040;804
20210224133900;096040;803
20210224133800;096040;800
20210224133700;096040;799
20210224133600;096040;802
20210224133500;096040;803
20210224133400;096040;805
20210224133300;096040;806
20210224133200;096040;806
20210224133100;096040;805
20210224133000;096040;805
20210224132900;096040;804
20210224132800;096040;803
20210224132700;096040;803
20210224132600;096040;804
20210224132500;096040;803
20210224132400;096040;802
20210224132300;096040;803
20210224132200;096040;803
20210224132100;096040;805
20210224132000;096040;804
20210224131900;096040;806
20210224131800;096040;806
20210224131700;096040;807
20210224131600;096040;808
20210224131500;096040;804
20210224131400;096040;803
20210224131300;096040;805
20210224131200;096040;805
20210224131100;096040;803
20210224131000;096040;805
20210224130900;096040;808
20210224130800;096040;809
20210224130700;096040;808
20210224130600;096040;807
20210224130500;096040;807
20210224130400;096040;808
20210224130300;096040;805
20210224130200;096040;806
20210224130100;096040;808
20210224130000;096040;808
20210224125900;096040;812
20210224125800;096040;811
20210224125700;096040;811
20210224125600;096040;810
20210224125500;096040;813
20210224125400;096040;812
20210224125300;096040;812
20210224125200;096040;818
20210224125100;096040;816
20210224125000;096040;814
20210224124900;096040;815
20210224124800;096040;814
20210224124700;096040;811
20210224124600;096040;810
20210224124500;096040;810
20210224124400;096040;813
20210224124300;096040;812
20210224124200;096040;817
20210224124100;096040;815
20210224124000;096040;814
20210224123900;096040;814
20210224123800;096040;812
20210224123700;096040;810
20210224123600;096040;811
20210224123500;096040;813
20210224123400;096040;811
20210224123300;096040;816
20210224123200;096040;820
20210224123100;096040;815
20210224123000;096040;818
20210224122900;096040;809
20210224122800;096040;805
20210224122700;096040;802
20210224122600;096040;799
20210224122500;096040;802
20210224122400;096040;804
20210224122300;096040;806
20210224122200;096040;804
20210224122100;096040;807
20210224122000;096040;810
20210224121900;096040;809
20210224121800;096040;805
20210224121700;096040;809
20210224121600;096040;808
20210224121500;096040;810
20210224121400;096040;810
20210224121300;096040;811
20210224121200;096040;809
20210224121100;096040;810
20210224121000;096040;817
20210224120900;096040;816
20210224120800;096040;811
20210224120700;096040;811
20210224120600;096040;810
20210224120500;096040;807
20210224120400;096040;810
20210224120300;096040;813
20210224120200;096040;823
20210224120100;096040;825
20210224120000;096040;821
20210224115900;096040;821
20210224115800;096040;828
20210224115700;096040;831
20210224115600;096040;832
20210224115500;096040;833
20210224115400;096040;839
20210224115300;096040;837
20210224115200;096040;834
20210224115100;096040;841
20210224115000;096040;839
20210224114900;096040;835
20210224114800;096040;831
20210224114700;096040;838
20210224114600;096040;832
20210224114500;096040;838
20210224114400;096040;846
20210224114300;096040;841
20210224114200;096040;847
20210224114100;096040;843
20210224114000;096040;852
20210224113900;096040;856
20210224113800;096040;851
20210224113700;096040;851
20210224113600;096040;850
20210224113500;096040;857
20210224113400;096040;865
20210224113300;096040;866
20210224113200;096040;865
20210224113100;096040;855
20210224113000;096040;859
20210224112900;096040;860
20210224112800;096040;848
20210224112700;096040;852
20210224112600;096040;847
20210224112500;096040;846
20210224112300;096040;861
20210224112200;096040;852
20210224112100;096040;830
20210224112000;096040;820
20210224111900;096040;822
20210224111800;096040;822
20210224111700;096040;821
20210224111600;096040;817
20210224111500;096040;818
20210224111400;096040;821
20210224111300;096040;821
20210224111200;096040;821
20210224111100;096040;821
20210224111000;096040;827
20210224110900;096040;832
20210224110800;096040;828
20210224110700;096040;832
20210224110600;096040;823
20210224110500;096040;834
20210224110400;096040;832
20210224110300;096040;838
20210224110200;096040;857
20210224110100;096040;852
20210224110000;096040;858
20210224105900;096040;842
20210224105800;096040;838
20210224105700;096040;850
20210224105600;096040;842
20210224105500;096040;842
20210224105400;096040;822
20210224105300;096040;824
20210224105200;096040;818
20210224105100;096040;813
20210224105000;096040;808
20210224104900;096040;810
20210224104800;096040;814
20210224104700;096040;812
20210224104600;096040;805
20210224104500;096040;801
20210224104400;096040;802
20210224104300;096040;802
20210224104200;096040;798
20210224104100;096040;801
20210224104000;096040;802
20210224103900;096040;805
20210224103800;096040;801
20210224103700;096040;800
20210224103600;096040;800
20210224103500;096040;805
20210224103400;096040;809
20210224103300;096040;807
20210224103200;096040;801
20210224103100;096040;796
20210224103000;096040;798
20210224102900;096040;794
20210224102800;096040;794
20210224102700;096040;800
20210224102600;096040;806
20210224102500;096040;804
20210224102400;096040;818
20210224102300;096040;825
20210224102200;096040;807
20210224102100;096040;796
20210224102000;096040;789
20210224101900;096040;791
20210224101800;096040;785
20210224101700;096040;780
20210224101600;096040;778
20210224101500;096040;779
20210224101400;096040;776
20210224101300;096040;777
20210224101200;096040;780
20210224101100;096040;781
20210224101000;096040;782
20210224100900;096040;775
20210224100800;096040;784
20210224100700;096040;783
20210224100600;096040;780
20210224100500;096040;781
20210224100400;096040;781
20210224100300;096040;785
20210224100200;096040;785
20210224100100;096040;783
20210224100000;096040;793
20210224095900;096040;783
20210224095700;096040;778
20210224095600;096040;787
20210224095500;096040;786
20210224095400;096040;788
20210224095300;096040;789
20210224095200;096040;787
20210224095100;096040;790
20210224095000;096040;786
20210224094900;096040;798
20210224094800;096040;796
20210224094700;096040;793
20210224094600;096040;790
20210224094500;096040;795
20210224094400;096040;792
20210224094300;096040;803
20210224094200;096040;800
20210224094100;096040;809
20210224094000;096040;810
20210224093900;096040;802
20210224093800;096040;800
20210224093700;096040;796
20210224093600;096040;797
20210224093500;096040;790
20210224093400;096040;799
20210224093300;096040;802
20210224093200;096040;797
20210224093100;096040;794
20210224093000;096040;792
20210224092900;096040;801
20210224092800;096040;800
20210224092700;096040;803
20210224092600;096040;807
20210224092500;096040;809
20210224092400;096040;808
20210224092300;096040;806
20210224092200;096040;805
20210224092100;096040;807
20210224092000;096040;804
20210224091900;096040;810
20210224091800;096040;809
20210224091700;096040;814
20210224091600;096040;816
20210224091500;096040;815
20210224091400;096040;798
20210224091300;096040;805
20210224091200;096040;829
20210224091100;096040;825
20210224091000;096040;830
20210224090900;096040;840
20210224090800;096040;852
20210224090700;096040;848
20210224090600;096040;866
20210224090500;096040;867
20210224090400;096040;870
20210224090300;096040;862
20210224090200;096040;863
20210224090100;096040;835
20210224090000;096040;841
20210223153500;096040;865
20210223153000;096040;865
20210223151900;096040;877
20210223151800;096040;879
20210223151700;096040;871
20210223151600;096040;876
20210223151500;096040;866
20210223151400;096040;869
20210223151300;096040;869
20210223151200;096040;872
20210223151100;096040;870
20210223151000;096040;869
20210223150900;096040;869
20210223150800;096040;864
20210223150700;096040;868
20210223150600;096040;872
20210223150500;096040;873
20210223150400;096040;878
20210223150300;096040;880
20210223150200;096040;872
20210223150100;096040;876
20210223150000;096040;883
20210223145900;096040;888
20210223145800;096040;872
20210223145700;096040;867
20210223145600;096040;874
20210223145500;096040;875
20210223145400;096040;865
20210223145300;096040;851
20210223145200;096040;854
20210223145100;096040;857
20210223145000;096040;849
20210223144900;096040;856
20210223144800;096040;862
20210223144700;096040;867
20210223144600;096040;863
20210223144500;096040;843
20210223144400;096040;844
20210223144300;096040;839
20210223144200;096040;835
20210223144100;096040;837
20210223144000;096040;845
20210223143900;096040;843
20210223143800;096040;844
20210223143700;096040;849
20210223143600;096040;843
20210223143500;096040;838
20210223143400;096040;830
20210223143300;096040;845
20210223143200;096040;849
20210223143100;096040;855
20210223143000;096040;856
20210223142900;096040;860
20210223142800;096040;853
20210223142700;096040;854
20210223142500;096040;838
20210223142400;096040;838
20210223142300;096040;846
20210223142200;096040;851
20210223142100;096040;857
20210223142000;096040;846
20210223141900;096040;854
20210223141800;096040;869
20210223141700;096040;882
20210223141600;096040;883
20210223141500;096040;890
20210223141400;096040;896
20210223141300;096040;886
20210223141200;096040;889
20210223141100;096040;894
20210223141000;096040;892
20210223140900;096040;892
20210223140800;096040;880
20210223140700;096040;893
20210223140600;096040;895
20210223140500;096040;890
20210223140400;096040;865
20210223140100;096040;928
20210223140000;096040;885
20210223135900;096040;871
20210223135800;096040;864
20210223135700;096040;837
20210223135600;096040;829
20210223135500;096040;845
20210223135400;096040;832
20210223135300;096040;814
20210223135200;096040;817
20210223135100;096040;814
20210223135000;096040;822
20210223134900;096040;804
20210223134800;096040;819
20210223134700;096040;827
20210223134500;096040;840
20210223134400;096040;805
20210223134300;096040;781
20210223134200;096040;772
20210223134100;096040;770
20210223134000;096040;765
20210223133900;096040;779
20210223133800;096040;781
20210223133700;096040;782
20210223133600;096040;783
20210223133500;096040;775
20210223133400;096040;762
20210223133300;096040;739
20210223133200;096040;722
20210223133100;096040;720
20210223133000;096040;729
20210223132900;096040;720
20210223132800;096040;735
20210223132700;096040;742
20210223132600;096040;746
20210223132500;096040;757
20210223132400;096040;760
20210223132300;096040;760
20210223132200;096040;764
20210223132100;096040;756
20210223132000;096040;758
20210223131900;096040;758
20210223131800;096040;754
20210223131700;096040;765
20210223131500;096040;766
20210223131400;096040;766
20210223131300;096040;770
20210223131200;096040;773
20210223131100;096040;776
20210223131000;096040;772
20210223130900;096040;767
20210223130800;096040;775
20210223130700;096040;779
20210223130600;096040;773
20210223130500;096040;771
20210223130400;096040;777
20210223130300;096040;782
20210223130200;096040;778
20210223130100;096040;779
20210223130000;096040;783
20210223125900;096040;783
20210223125800;096040;784
20210223125700;096040;787
20210223125600;096040;781
20210223125500;096040;782
20210223125400;096040;782
20210223125300;096040;782
20210223125200;096040;786
20210223125100;096040;786
20210223125000;096040;790
20210223124900;096040;787
20210223124800;096040;785
20210223124700;096040;789
20210223124600;096040;782
20210223124500;096040;788
20210223124400;096040;788
20210223124300;096040;793
20210223124200;096040;794
20210223124100;096040;792
20210223124000;096040;793
20210223123900;096040;796
20210223123800;096040;796
20210223123700;096040;795
20210223123600;096040;796
20210223123500;096040;797
20210223123400;096040;798
20210223123300;096040;793
20210223123200;096040;796
20210223123100;096040;799
20210223123000;096040;793
20210223122900;096040;793
20210223122800;096040;798
20210223122700;096040;797
20210223122600;096040;797
20210223122500;096040;805
20210223122400;096040;803
20210223122300;096040;798
20210223122200;096040;797
20210223122100;096040;793
20210223122000;096040;792
20210223121900;096040;803
20210223121800;096040;794
20210223121700;096040;786
20210223121600;096040;780
20210223121500;096040;782
20210223121400;096040;783
20210223121300;096040;785
20210223121200;096040;786
20210223121100;096040;785
20210223121000;096040;785
20210223120900;096040;784
20210223120800;096040;786
20210223120700;096040;786
20210223120600;096040;786
20210223120500;096040;787
20210223120400;096040;787
20210223120300;096040;783
20210223120200;096040;786
20210223120100;096040;790
20210223120000;096040;792
20210223115900;096040;789
20210223115800;096040;782
20210223115700;096040;784
20210223115600;096040;790
20210223115500;096040;791
20210223115400;096040;793
20210223115300;096040;795
20210223115200;096040;795
20210223115100;096040;793
20210223115000;096040;790
20210223114900;096040;790
20210223114800;096040;798
20210223114700;096040;798
20210223114600;096040;795
20210223114500;096040;791
20210223114400;096040;788
20210223114300;096040;781
20210223114200;096040;781
20210223114100;096040;786
20210223114000;096040;790
20210223113900;096040;788
20210223113800;096040;790
20210223113700;096040;794
20210223113600;096040;797
20210223113500;096040;797
20210223113400;096040;797
20210223113300;096040;792
20210223113200;096040;797
20210223113100;096040;799
20210223113000;096040;799
20210223112900;096040;800
20210223112800;096040;801
20210223112700;096040;802
20210223112600;096040;806
20210223112500;096040;805
20210223112400;096040;802
20210223112300;096040;799
20210223112200;096040;798
20210223112100;096040;799
20210223112000;096040;800
20210223111900;096040;798
20210223111800;096040;803
20210223111700;096040;798
20210223111600;096040;803
20210223111500;096040;806
20210223111400;096040;806
20210223111300;096040;807
20210223111200;096040;802
20210223111100;096040;804
20210223111000;096040;807
20210223110900;096040;805
20210223110800;096040;805
20210223110700;096040;807
20210223110600;096040;807
20210223110500;096040;808
20210223110400;096040;808
20210223110300;096040;807
20210223110200;096040;808
20210223110100;096040;810
20210223110000;096040;813
20210223105900;096040;812
20210223105800;096040;810
20210223105700;096040;808
20210223105600;096040;811
20210223105500;096040;812
20210223105400;096040;812
20210223105300;096040;816
20210223105200;096040;814
20210223105100;096040;815
20210223105000;096040;819
20210223104900;096040;812
20210223104800;096040;809
20210223104700;096040;807
20210223104600;096040;808
20210223104500;096040;810
20210223104400;096040;804
20210223104300;096040;804
20210223104200;096040;807
20210223104100;096040;808
20210223104000;096040;809
20210223103900;096040;811
20210223103800;096040;811
20210223103700;096040;811
20210223103600;096040;813
20210223103500;096040;811
20210223103400;096040;810
20210223103300;096040;813
20210223103200;096040;813
20210223103100;096040;809
20210223103000;096040;811
20210223102900;096040;810
20210223102800;096040;810
20210223102700;096040;814
20210223102600;096040;818
20210223102500;096040;814
20210223102400;096040;823
20210223102300;096040;818
20210223102200;096040;817
20210223102100;096040;812
20210223102000;096040;808
20210223101900;096040;804
20210223101800;096040;806
20210223101700;096040;806
20210223101600;096040;808
20210223101500;096040;805
20210223101400;096040;813
20210223101300;096040;811
20210223101200;096040;816
20210223101100;096040;815
20210223101000;096040;817
20210223100900;096040;812
20210223100800;096040;811
20210223100700;096040;805
20210223100600;096040;811
20210223100500;096040;815
20210223100400;096040;815
20210223100300;096040;813
20210223100200;096040;820
20210223100100;096040;818
20210223100000;096040;814
20210223095900;096040;818
20210223095800;096040;820
20210223095700;096040;820
20210223095600;096040;817
20210223095500;096040;820
20210223095400;096040;823
20210223095300;096040;825
20210223095200;096040;829
20210223095100;096040;827
20210223095000;096040;820
20210223094900;096040;817
20210223094800;096040;822
20210223094700;096040;824
20210223094600;096040;820
20210223094500;096040;818
20210223094400;096040;815
20210223094300;096040;821
20210223094200;096040;825
20210223094100;096040;826
20210223094000;096040;825
20210223093900;096040;832
20210223093800;096040;829
20210223093700;096040;842
20210223093600;096040;855
20210223093500;096040;855
20210223093400;096040;838
20210223093300;096040;822
20210223093200;096040;824
20210223093100;096040;815
20210223093000;096040;798
20210223092900;096040;796
20210223092800;096040;795
20210223092700;096040;792
20210223092600;096040;782
20210223092500;096040;801
20210223092400;096040;793
20210223092300;096040;780
20210223092200;096040;786
20210223092100;096040;796
20210223092000;096040;808
20210223091900;096040;819
20210223091800;096040;815
20210223091700;096040;814
20210223091600;096040;815
20210223091500;096040;816
20210223091400;096040;828
20210223091300;096040;815
20210223091200;096040;813
20210223091100;096040;803
20210223091000;096040;802
20210223090900;096040;834
20210223090800;096040;834
20210223090700;096040;828
20210223090600;096040;845
20210223090500;096040;837
20210223090400;096040;847
20210223090300;096040;852
20210223090200;096040;882
20210223090100;096040;851
20210223090000;096040;825
20210222153500;096040;882
20210222153000;096040;882
20210222151900;096040;868
20210222151800;096040;871
20210222151700;096040;868
20210222151600;096040;860
20210222151500;096040;867
20210222151400;096040;869
20210222151300;096040;872
20210222151200;096040;875
20210222151100;096040;871
20210222151000;096040;874
20210222150900;096040;864
20210222150800;096040;861
20210222150700;096040;860
20210222150600;096040;863
20210222150500;096040;865
20210222150400;096040;865
20210222150300;096040;868
20210222150200;096040;867
20210222150100;096040;871
20210222150000;096040;876
20210222145900;096040;875
20210222145800;096040;878
20210222145700;096040;883
20210222145600;096040;877
20210222145500;096040;881
20210222145400;096040;873
20210222145300;096040;876
20210222145200;096040;882
20210222145100;096040;864
20210222145000;096040;858
20210222144900;096040;855
20210222144800;096040;850
20210222144700;096040;867
20210222144600;096040;860
20210222144500;096040;869
20210222144400;096040;872
20210222144300;096040;869
20210222144200;096040;872
20210222144100;096040;876
20210222144000;096040;881
20210222143900;096040;878
20210222143800;096040;878
20210222143700;096040;878
20210222143600;096040;873
20210222143500;096040;877
20210222143400;096040;880
20210222143300;096040;882
20210222143200;096040;878
20210222143100;096040;880
20210222143000;096040;878
20210222142900;096040;886
20210222142800;096040;881
20210222142700;096040;876
20210222142600;096040;865
20210222142500;096040;875
20210222142400;096040;878
20210222142300;096040;878
20210222142200;096040;877
20210222142100;096040;878
20210222142000;096040;875
20210222141900;096040;877
20210222141800;096040;882
20210222141700;096040;881
20210222141600;096040;883
20210222141500;096040;880
20210222141400;096040;885
20210222141300;096040;890
20210222141200;096040;889
20210222141100;096040;885
20210222141000;096040;887
20210222140900;096040;888
20210222140800;096040;889
20210222140700;096040;889
20210222140600;096040;892
20210222140500;096040;889
20210222140400;096040;890
20210222140300;096040;890
20210222140200;096040;894
20210222140100;096040;893
20210222140000;096040;890
20210222135900;096040;889
20210222135800;096040;891
20210222135700;096040;894
20210222135600;096040;895
20210222135500;096040;890
20210222135400;096040;891
20210222135300;096040;889
20210222135200;096040;894
20210222135100;096040;895
20210222135000;096040;894
20210222134900;096040;898
20210222134800;096040;901
20210222134700;096040;897
20210222134600;096040;896
20210222134500;096040;902
20210222134400;096040;899
20210222134300;096040;906
20210222134200;096040;912
20210222134100;096040;905
20210222134000;096040;903
20210222133900;096040;900
20210222133800;096040;902
20210222133700;096040;896
20210222133600;096040;883
20210222133500;096040;881
20210222133400;096040;880
20210222133300;096040;881
20210222133200;096040;882
20210222133100;096040;881
20210222133000;096040;881
20210222132900;096040;872
20210222132800;096040;878
20210222132700;096040;880
20210222132600;096040;879
20210222132500;096040;881
20210222132400;096040;883
20210222132300;096040;883
20210222132200;096040;881
20210222132100;096040;881
20210222132000;096040;884
20210222131900;096040;886
20210222131800;096040;886
20210222131700;096040;879
20210222131600;096040;879
20210222131500;096040;882
20210222131400;096040;885
20210222131300;096040;885
20210222131200;096040;886
20210222131100;096040;888
20210222131000;096040;884
20210222130900;096040;884
20210222130800;096040;889
20210222130700;096040;889
20210222130600;096040;889
20210222130500;096040;888
20210222130400;096040;884
20210222130300;096040;881
20210222130200;096040;886
20210222130100;096040;887
20210222130000;096040;888
20210222125900;096040;888
20210222125800;096040;890
20210222125700;096040;887
20210222125600;096040;887
